200.000	10146.400
201.000	10123.300
202.000	10093.600
203.000	10065.200
204.000	10046.800
205.000	10030.100
206.000	10042.300
207.000	10054.200
208.000	10022.800
209.000	9989.700
210.000	9975.300
211.000	9963.200
212.000	9939.900
213.000	9913.100
214.000	9891.500
215.000	9872.000
216.000	9870.200
217.000	9879.600
218.000	9861.500
219.000	9819.100
220.000	9789.300
221.000	9774.700
222.000	9744.500
223.000	9686.700
224.000	9633.600
225.000	9592.500
226.000	9554.000
227.000	9524.800
228.000	9495.800
229.000	9466.500
230.000	9436.700
231.000	9392.400
232.000	9348.100
233.000	9307.800
234.000	9267.700
235.000	9224.900
236.000	9181.500
237.000	9126.100
238.000	9067.600
239.000	9032.900
240.000	9006.500
241.000	8970.000
242.000	8928.800
243.000	8890.200
244.000	8854.000
245.000	8810.500
246.000	8760.200
247.000	8725.500
248.000	8710.700
249.000	8692.100
250.000	8667.800
251.000	8644.600
252.000	8625.000
253.000	8604.300
254.000	8579.900
255.000	8558.600
256.000	8553.800
257.000	8548.700
258.000	8540.300
259.000	8531.600
260.000	8518.500
261.000	8505.200
262.000	8494.100
263.000	8482.800
264.000	8482.000
265.000	8482.400
266.000	8485.400
267.000	8489.200
268.000	8473.900
269.000	8453.400
270.000	8444.000
271.000	8439.100
272.000	8450.000
273.000	8469.200
274.000	8464.500
275.000	8443.400
276.000	8422.700
277.000	8402.000
278.000	8391.500
279.000	8393.000
280.000	8388.500
281.000	8376.600
282.000	8366.900
283.000	8361.800
284.000	8348.200
285.000	8316.000
286.000	8288.700
287.000	8275.500
288.000	8260.400
289.000	8238.200
290.000	8219.900
291.000	8224.300
292.000	8224.800
293.000	8192.900
294.000	8162.300
295.000	8156.800
296.000	8151.000
297.000	8138.000
298.000	8124.500
299.000	8096.100
300.000	8067.100
301.000	8072.200
302.000	8081.000
303.000	8070.500
304.000	8056.700
305.000	8039.700
306.000	8021.500
307.000	8024.100
308.000	8033.100
309.000	8037.500
310.000	8040.200
311.000	8039.400
312.000	8036.900
313.000	8034.900
314.000	8033.000
315.000	8049.500
316.000	8078.500
317.000	8093.200
318.000	8095.600
319.000	8114.100
320.000	8147.800
321.000	8163.200
322.000	8157.700
323.000	8172.500
324.000	8213.300
325.000	8240.300
326.000	8246.800
327.000	8256.400
328.000	8272.200
329.000	8293.900
330.000	8327.700
331.000	8364.200
332.000	8408.100
333.000	8443.300
334.000	8453.400
335.000	8463.800
336.000	8475.800
337.000	8492.800
338.000	8530.200
339.000	8564.200
340.000	8578.400
341.000	8597.100
342.000	8645.200
343.000	8690.100
344.000	8707.600
345.000	8724.600
346.000	8731.200
347.000	8738.700
348.000	8761.700
349.000	8784.400
350.000	8791.900
351.000	8799.400
352.000	8822.200
353.000	8845.000
354.000	8864.800
355.000	8884.900
356.000	8867.900
357.000	8849.200
358.000	8870.600
359.000	8895.200
360.000	8922.000
361.000	8949.100
362.000	8969.100
363.000	8988.400
364.000	9007.800
365.000	9026.900
366.000	9039.500
367.000	9051.100
368.000	9077.400
369.000	9106.300
370.000	9121.600
371.000	9133.700
372.000	9146.700
373.000	9160.300
374.000	9176.400
375.000	9193.100
376.000	9213.000
377.000	9233.800
378.000	9247.900
379.000	9259.800
380.000	9277.400
381.000	9296.500
382.000	9298.600
383.000	9294.800
384.000	9322.300
385.000	9361.500
386.000	9376.000
387.000	9380.900
388.000	9397.400
389.000	9418.700
390.000	9435.700
391.000	9451.000
392.000	9480.600
393.000	9516.900
394.000	9529.900
395.000	9532.300
396.000	9558.900
397.000	9596.800
398.000	9598.900
399.000	9583.700
400.000	9615.100
401.000	9668.700
402.000	9674.400
403.000	9656.800
404.000	9671.000
405.000	9700.600
406.000	9703.900
407.000	9694.500
408.000	9713.800
409.000	9747.300
410.000	9748.300
411.000	9733.300
412.000	9723.700
413.000	9716.800
414.000	9720.400
415.000	9728.700
416.000	9742.200
417.000	9758.000
418.000	9762.600
419.000	9762.400
420.000	9756.700
421.000	9748.700
422.000	9736.600
423.000	9722.900
424.000	9721.900
425.000	9726.500
426.000	9701.200
427.000	9664.600
428.000	9650.000
429.000	9643.600
430.000	9651.800
431.000	9664.600
432.000	9647.300
433.000	9619.400
434.000	9613.400
435.000	9614.200
436.000	9615.800
437.000	9617.600
438.000	9605.300
439.000	9589.300
440.000	9566.500
441.000	9541.500
442.000	9535.700
443.000	9533.700
444.000	9527.900
445.000	9521.200
446.000	9528.900
447.000	9538.600
448.000	9510.900
449.000	9478.000
450.000	9476.600
451.000	9478.700
452.000	9482.400
453.000	9486.300
454.000	9446.900
455.000	9404.800
456.000	9400.900
457.000	9398.700
458.000	9389.200
459.000	9379.400
460.000	9371.600
461.000	9363.300
462.000	9350.300
463.000	9338.200
464.000	9339.200
465.000	9340.000
466.000	9341.200
467.000	9338.600
468.000	9308.400
469.000	9283.300
470.000	9287.800
471.000	9289.500
472.000	9275.500
473.000	9263.700
474.000	9258.400
475.000	9254.200
476.000	9252.400
477.000	9248.800
478.000	9240.800
479.000	9245.100
480.000	9277.800
481.000	9298.300
482.000	9295.100
483.000	9294.400
484.000	9298.600
485.000	9309.500
486.000	9330.700
487.000	9335.600
488.000	9320.700
489.000	9305.100
490.000	9288.500
491.000	9258.000
492.000	9214.600
493.000	9179.500
494.000	9149.700
495.000	9117.500
496.000	9083.300
497.000	9032.900
498.000	8973.900
499.000	8918.200
500.000	8864.300
501.000	8809.300
502.000	8754.600
503.000	8687.800
504.000	8617.600
505.000	8587.300
506.000	8565.700
507.000	8513.800
508.000	8457.300
509.000	8405.900
510.000	8355.100
511.000	8322.000
512.000	8289.200
513.000	8249.900
514.000	8210.200
515.000	8169.400
516.000	8127.600
517.000	8080.700
518.000	8036.700
519.000	8008.400
520.000	7980.500
521.000	7953.000
522.000	7920.000
523.000	7873.200
524.000	7829.800
525.000	7793.300
526.000	7770.200
527.000	7767.700
528.000	7746.500
529.000	7700.800
530.000	7664.100
531.000	7636.300
532.000	7627.800
533.000	7634.300
534.000	7620.400
535.000	7593.400
536.000	7574.100
537.000	7557.900
538.000	7556.100
539.000	7559.500
540.000	7531.900
541.000	7496.500
542.000	7492.900
543.000	7495.000
544.000	7482.900
545.000	7469.700
546.000	7459.100
547.000	7447.500
548.000	7420.500
549.000	7393.700
550.000	7371.900
551.000	7350.600
552.000	7329.800
553.000	7314.400
554.000	7315.600
555.000	7310.200
556.000	7290.900
557.000	7269.600
558.000	7244.700
559.000	7234.000
560.000	7239.500
561.000	7232.900
562.000	7215.700
563.000	7198.400
564.000	7181.000
565.000	7161.800
566.000	7141.000
567.000	7132.200
568.000	7127.000
569.000	7102.500
570.000	7074.000
571.000	7073.700
572.000	7075.800
573.000	7050.200
574.000	7025.500
575.000	7023.500
576.000	7019.300
577.000	7002.000
578.000	6986.500
579.000	6978.600
580.000	6970.200
581.000	6961.700
582.000	6954.700
583.000	6949.900
584.000	6945.300
585.000	6941.100
586.000	6941.200
587.000	6945.100
588.000	6928.800
589.000	6900.800
590.000	6896.600
591.000	6901.600
592.000	6899.000
593.000	6894.000
594.000	6885.200
595.000	6875.900
596.000	6864.800
597.000	6853.900
598.000	6849.600
599.000	6844.000
600.000	6830.300
601.000	6815.300
602.000	6796.200
603.000	6783.900
604.000	6783.800
605.000	6778.500
606.000	6765.400
607.000	6759.700
608.000	6761.000
609.000	6745.600
610.000	6720.500
611.000	6697.500
612.000	6675.000
613.000	6659.900
614.000	6646.000
615.000	6634.000
616.000	6622.000
617.000	6598.000
618.000	6576.700
619.000	6576.400
620.000	6571.400
621.000	6548.000
622.000	6525.900
623.000	6507.600
624.000	6492.700
625.000	6483.000
626.000	6476.500
627.000	6473.500
628.000	6458.500
629.000	6436.000
630.000	6433.600
631.000	6438.600
632.000	6418.400
633.000	6392.700
634.000	6375.300
635.000	6358.200
636.000	6345.700
637.000	6335.000
638.000	6333.400
639.000	6324.600
640.000	6295.000
641.000	6271.100
642.000	6257.100
643.000	6240.000
644.000	6220.400
645.000	6212.000
646.000	6211.500
647.000	6202.300
648.000	6189.200
649.000	6174.800
650.000	6159.900
651.000	6142.500
652.000	6125.400
653.000	6121.900
654.000	6114.700
655.000	6089.200
656.000	6067.900
657.000	6057.200
658.000	6042.900
659.000	6022.900
660.000	5996.300
661.000	5963.400
662.000	5954.900
663.000	5960.600
664.000	5956.000
665.000	5947.900
666.000	5919.200
667.000	5887.800
668.000	5860.300
669.000	5834.100
670.000	5817.700
671.000	5803.800
672.000	5797.800
673.000	5789.700
674.000	5778.500
675.000	5765.000
676.000	5748.700
677.000	5736.600
678.000	5726.500
679.000	5715.000
680.000	5702.800
681.000	5692.600
682.000	5681.900
683.000	5644.900
684.000	5611.800
685.000	5602.000
686.000	5590.500
687.000	5574.600
688.000	5562.900
689.000	5557.300
690.000	5543.100
691.000	5521.400
692.000	5510.400
693.000	5504.200
694.000	5502.000
695.000	5501.000
696.000	5482.900
697.000	5463.000
698.000	5435.300
699.000	5409.300
700.000	5390.100
701.000	5376.400
702.000	5373.500
703.000	5362.300
704.000	5342.600
705.000	5329.400
706.000	5319.800
707.000	5293.600
708.000	5262.300
709.000	5252.300
710.000	5245.300
711.000	5252.200
712.000	5254.700
713.000	5240.500
714.000	5230.000
715.000	5225.700
716.000	5216.900
717.000	5203.800
718.000	5201.700
719.000	5206.000
720.000	5191.900
721.000	5172.900
722.000	5170.200
723.000	5167.800
724.000	5156.500
725.000	5145.400
726.000	5136.500
727.000	5126.000
728.000	5113.100
729.000	5102.900
730.000	5094.700
731.000	5079.600
732.000	5061.200
733.000	5049.800
734.000	5039.500
735.000	5031.300
736.000	5025.400
737.000	5030.200
738.000	5028.200
739.000	5013.400
740.000	4997.100
741.000	4979.200
742.000	4972.400
743.000	4971.600
744.000	4960.800
745.000	4947.100
746.000	4924.400
747.000	4902.600
748.000	4889.800
749.000	4878.600
750.000	4872.600
751.000	4866.300
752.000	4859.800
753.000	4849.000
754.000	4836.000
755.000	4827.800
756.000	4821.000
757.000	4815.200
758.000	4808.000
759.000	4782.900
760.000	4767.000
761.000	4775.700
762.000	4772.700
763.000	4755.000
764.000	4743.600
765.000	4736.100
766.000	4728.000
767.000	4719.100
768.000	4715.600
769.000	4711.800
770.000	4705.900
771.000	4698.300
772.000	4686.600
773.000	4678.600
774.000	4674.800
775.000	4669.300
776.000	4662.600
777.000	4652.900
778.000	4642.200
779.000	4635.300
780.000	4628.400
781.000	4623.100
782.000	4616.000
783.000	4604.400
784.000	4593.500
785.000	4583.100
786.000	4568.500
787.000	4551.900
788.000	4534.700
789.000	4518.600
790.000	4514.300
791.000	4508.300
792.000	4498.100
793.000	4484.100
794.000	4465.300
795.000	4450.000
796.000	4436.000
797.000	4424.800
798.000	4413.800
799.000	4399.500
800.000	4385.800
801.000	4375.400
802.000	4365.600
803.000	4356.100
804.000	4344.800
805.000	4332.100
806.000	4327.000
807.000	4323.800
808.000	4293.100
809.000	4262.600
810.000	4244.800
811.000	4235.000
812.000	4241.700
813.000	4224.500
814.000	4185.000
815.000	4174.300
816.000	4174.600
817.000	4144.500
818.000	4114.400
819.000	4109.500
820.000	4103.900
821.000	4095.900
822.000	4085.900
823.000	4073.800
824.000	4061.500
825.000	4049.500
826.000	4033.500
827.000	4017.000
828.000	4006.900
829.000	3995.600
830.000	3983.200
831.000	3978.000
832.000	3979.500
833.000	3969.500
834.000	3954.500
835.000	3927.800
836.000	3903.400
837.000	3905.000
838.000	3902.400
839.000	3891.100
840.000	3874.100
841.000	3852.100
842.000	3843.800
843.000	3840.700
844.000	3820.800
845.000	3803.300
846.000	3805.700
847.000	3799.700
848.000	3779.800
849.000	3757.100
850.000	3732.500
851.000	3721.000
852.000	3712.600
853.000	3696.700
854.000	3682.600
855.000	3675.100
856.000	3666.600
857.000	3657.100
858.000	3639.100
859.000	3616.200
860.000	3598.600
861.000	3583.100
862.000	3583.000
863.000	3580.900
864.000	3573.300
865.000	3564.500
866.000	3553.800
867.000	3547.100
868.000	3542.100
869.000	3555.400
870.000	3565.100
871.000	3556.600
872.000	3552.900
873.000	3555.700
874.000	3567.800
875.000	3584.800
876.000	3593.500
877.000	3602.600
878.000	3631.600
879.000	3658.300
880.000	3679.100
881.000	3707.400
882.000	3741.400
883.000	3770.800
884.000	3798.700
885.000	3852.600
886.000	3902.600
887.000	3938.000
888.000	3962.900
889.000	3975.400
890.000	3983.200
891.000	3988.700
892.000	3973.100
893.000	3952.900
894.000	3920.100
895.000	3877.600
896.000	3819.500
897.000	3753.200
898.000	3681.700
899.000	3614.200
900.000	3547.900
901.000	3484.900
902.000	3424.200
903.000	3368.600
904.000	3319.900
905.000	3276.400
906.000	3234.500
907.000	3193.700
908.000	3161.800
909.000	3136.500
910.000	3127.400
911.000	3109.600
912.000	3084.500
913.000	3071.900
914.000	3062.100
915.000	3044.000
916.000	3031.800
917.000	3035.100
918.000	3033.000
919.000	3026.000
920.000	3034.000
921.000	3046.500
922.000	3044.300
923.000	3048.000
924.000	3068.800
925.000	3081.900
926.000	3088.600
927.000	3085.500
928.000	3079.400
929.000	3062.000
930.000	3037.600
931.000	2995.700
932.000	2961.400
933.000	2934.000
934.000	2901.800
935.000	2868.900
936.000	2846.000
937.000	2828.000
938.000	2821.300
939.000	2811.800
940.000	2800.600
941.000	2784.900
942.000	2769.100
943.000	2765.800
944.000	2762.200
945.000	2758.600
946.000	2750.400
947.000	2739.200
948.000	2730.000
949.000	2722.200
950.000	2719.900
951.000	2715.900
952.000	2708.400
953.000	2699.000
954.000	2688.700
955.000	2687.000
956.000	2683.800
957.000	2666.800
958.000	2657.100
959.000	2656.900
960.000	2653.500
961.000	2648.900
962.000	2644.900
963.000	2639.500
964.000	2630.600
965.000	2622.200
966.000	2614.100
967.000	2616.900
968.000	2622.200
969.000	2618.600
970.000	2616.000
971.000	2615.500
972.000	2611.300
973.000	2604.600
974.000	2599.400
975.000	2594.800
976.000	2592.000
977.000	2589.900
978.000	2588.600
979.000	2586.800
980.000	2584.500
981.000	2563.200
982.000	2549.000
983.000	2555.400
984.000	2546.400
985.000	2524.400
986.000	2519.400
987.000	2518.800
988.000	2524.700
989.000	2524.200
990.000	2514.500
991.000	2508.600
992.000	2504.100
993.000	2500.400
994.000	2496.600
995.000	2492.100
996.000	2490.100
997.000	2490.400
998.000	2483.400
999.000	2476.000
1000.000	2478.800
1001.000	2480.800
1002.000	2482.100
1003.000	2468.700
1004.000	2448.500
1005.000	2447.800
1006.000	2447.400
1007.000	2446.700
1008.000	2440.500
1009.000	2430.200
1010.000	2440.400
1011.000	2450.900
1012.000	2445.100
1013.000	2445.100
1014.000	2452.600
1015.000	2446.600
1016.000	2436.200
1017.000	2436.900
1018.000	2435.300
1019.000	2428.800
1020.000	2418.800
1021.000	2406.900
1022.000	2405.300
1023.000	2401.700
1024.000	2390.300
1025.000	2385.700
1026.000	2387.300
1027.000	2378.200
1028.000	2370.800
1029.000	2383.000
1030.000	2387.200
1031.000	2381.100
1032.000	2377.100
1033.000	2374.000
1034.000	2373.900
1035.000	2373.300
1036.000	2371.500
1037.000	2363.600
1038.000	2352.500
1039.000	2356.600
1040.000	2359.000
1041.000	2356.100
1042.000	2359.000
1043.000	2365.800
1044.000	2369.700
1045.000	2372.200
1046.000	2371.300
1047.000	2365.000
1048.000	2354.800
1049.000	2358.800
1050.000	2363.200
1051.000	2354.300
1052.000	2346.100
1053.000	2338.200
1054.000	2336.900
1055.000	2336.800
1056.000	2334.300
1057.000	2335.500
1058.000	2341.200
1059.000	2327.500
1060.000	2309.400
1061.000	2314.100
1062.000	2315.200
1063.000	2310.300
1064.000	2307.100
1065.000	2304.200
1066.000	2300.800
1067.000	2296.900
1068.000	2292.500
1069.000	2288.100
1070.000	2283.700
1071.000	2287.900
1072.000	2290.500
1073.000	2289.800
1074.000	2293.400
1075.000	2299.100
1076.000	2285.900
1077.000	2274.300
1078.000	2265.500
1079.000	2264.200
1080.000	2266.800
1081.000	2262.700
1082.000	2262.200
1083.000	2268.400
1084.000	2265.100
1085.000	2256.500
1086.000	2255.400
1087.000	2254.700
1088.000	2255.700
1089.000	2257.900
1090.000	2261.000
1091.000	2251.000
1092.000	2243.800
1093.000	2242.600
1094.000	2233.100
1095.000	2219.300
1096.000	2209.500
1097.000	2204.500
1098.000	2208.600
1099.000	2204.800
1100.000	2197.000
1101.000	2198.900
1102.000	2197.000
1103.000	2187.100
1104.000	2183.700
1105.000	2183.200
1106.000	2187.500
1107.000	2190.300
1108.000	2190.400
1109.000	2189.300
1110.000	2187.200
1111.000	2184.800
1112.000	2184.000
1113.000	2186.400
1114.000	2178.600
1115.000	2169.300
1116.000	2165.100
1117.000	2167.100
1118.000	2175.400
1119.000	2173.900
1120.000	2169.800
1121.000	2162.200
1122.000	2156.100
1123.000	2152.100
1124.000	2161.100
1125.000	2163.200
1126.000	2138.700
1127.000	2134.900
1128.000	2145.000
1129.000	2145.300
1130.000	2145.200
1131.000	2144.200
1132.000	2140.500
1133.000	2135.600
1134.000	2139.000
1135.000	2138.000
1136.000	2130.400
1137.000	2133.900
1138.000	2138.900
1139.000	2133.400
1140.000	2127.500
1141.000	2120.600
1142.000	2127.500
1143.000	2132.700
1144.000	2123.000
1145.000	2120.000
1146.000	2122.400
1147.000	2115.500
1148.000	2109.400
1149.000	2106.400
1150.000	2107.000
1151.000	2109.300
1152.000	2104.500
1153.000	2102.800
1154.000	2105.500
1155.000	2099.600
1156.000	2092.500
1157.000	2093.800
1158.000	2091.200
1159.000	2085.200
1160.000	2083.700
1161.000	2086.000
1162.000	2095.800
1163.000	2091.300
1164.000	2078.800
1165.000	2074.500
1166.000	2074.500
1167.000	2081.600
1168.000	2077.100
1169.000	2069.300
1170.000	2063.700
1171.000	2063.500
1172.000	2068.300
1173.000	2066.200
1174.000	2064.400
1175.000	2063.600
1176.000	2057.400
1177.000	2049.000
1178.000	2045.400
1179.000	2041.400
1180.000	2037.200
1181.000	2030.800
1182.000	2027.000
1183.000	2033.100
1184.000	2033.300
1185.000	2029.900
1186.000	2034.800
1187.000	2033.700
1188.000	2023.000
1189.000	2019.200
1190.000	2018.700
1191.000	2024.000
1192.000	2026.600
1193.000	2026.500
1194.000	2023.100
1195.000	2020.000
1196.000	2018.300
1197.000	2016.100
1198.000	2014.100
1199.000	2013.900
1200.000	2010.000
1201.000	2002.600
1202.000	2009.400
1203.000	2013.100
1204.000	2006.600
1205.000	2010.300
1206.000	2016.900
1207.000	2014.100
1208.000	2005.500
1209.000	1991.400
1210.000	1994.200
1211.000	1998.100
1212.000	2000.400
1213.000	1996.200
1214.000	1990.700
1215.000	1995.300
1216.000	1995.300
1217.000	1991.000
1218.000	1981.600
1219.000	1976.900
1220.000	1981.700
1221.000	1972.300
1222.000	1962.500
1223.000	1977.900
1224.000	1981.600
1225.000	1974.700
1226.000	1973.300
1227.000	1974.500
1228.000	1979.800
1229.000	1978.100
1230.000	1973.000
1231.000	1963.300
1232.000	1965.200
1233.000	1975.100
1234.000	1970.800
1235.000	1965.200
1236.000	1958.500
1237.000	1962.100
1238.000	1966.400
1239.000	1967.300
1240.000	1966.600
1241.000	1962.900
1242.000	1941.700
1243.000	1939.600
1244.000	1956.000
1245.000	1954.100
1246.000	1953.900
1247.000	1958.900
1248.000	1956.300
1249.000	1952.500
1250.000	1955.200
1251.000	1954.500
1252.000	1951.400
1253.000	1945.200
1254.000	1946.300
1255.000	1955.000
1256.000	1941.500
1257.000	1932.200
1258.000	1938.700
1259.000	1934.600
1260.000	1928.700
1261.000	1932.100
1262.000	1926.300
1263.000	1914.800
1264.000	1914.200
1265.000	1917.100
1266.000	1923.600
1267.000	1918.600
1268.000	1914.600
1269.000	1915.300
1270.000	1913.900
1271.000	1912.200
1272.000	1912.600
1273.000	1911.600
1274.000	1909.800
1275.000	1900.000
1276.000	1894.800
1277.000	1893.900
1278.000	1891.700
1279.000	1887.900
1280.000	1881.200
1281.000	1882.400
1282.000	1883.800
1283.000	1881.100
1284.000	1879.800
1285.000	1879.300
1286.000	1878.800
1287.000	1869.900
1288.000	1855.900
1289.000	1856.900
1290.000	1857.500
1291.000	1858.500
1292.000	1866.200
1293.000	1864.700
1294.000	1847.400
1295.000	1835.700
1296.000	1829.600
1297.000	1835.900
1298.000	1820.100
1299.000	1802.100
1300.000	1815.000
1301.000	1813.400
1302.000	1804.000
1303.000	1804.500
1304.000	1805.300
1305.000	1805.800
1306.000	1800.000
1307.000	1797.900
1308.000	1801.300
1309.000	1796.600
1310.000	1791.400
1311.000	1787.100
1312.000	1774.800
1313.000	1766.500
1314.000	1774.000
1315.000	1769.500
1316.000	1762.500
1317.000	1763.800
1318.000	1767.600
1319.000	1772.600
1320.000	1768.100
1321.000	1762.100
1322.000	1755.200
1323.000	1743.300
1324.000	1741.700
1325.000	1749.700
1326.000	1745.900
1327.000	1737.100
1328.000	1722.100
1329.000	1729.000
1330.000	1733.500
1331.000	1729.200
1332.000	1724.200
1333.000	1719.800
1334.000	1718.200
1335.000	1718.600
1336.000	1718.200
1337.000	1714.000
1338.000	1712.700
1339.000	1713.800
1340.000	1717.500
1341.000	1721.200
1342.000	1724.900
1343.000	1730.200
1344.000	1732.000
1345.000	1732.000
1346.000	1739.500
1347.000	1737.300
1348.000	1728.100
1349.000	1717.100
1350.000	1714.600
1351.000	1719.500
1352.000	1706.200
1353.000	1702.900
1354.000	1709.900
1355.000	1704.800
1356.000	1702.100
1357.000	1701.900
1358.000	1705.600
1359.000	1706.400
1360.000	1702.700
1361.000	1696.400
1362.000	1697.100
1363.000	1708.800
1364.000	1701.200
1365.000	1695.300
1366.000	1697.200
1367.000	1696.900
1368.000	1694.000
1369.000	1686.700
1370.000	1683.400
1371.000	1681.100
1372.000	1678.700
1373.000	1680.400
1374.000	1681.400
1375.000	1679.000
1376.000	1668.700
1377.000	1662.800
1378.000	1672.300
1379.000	1673.500
1380.000	1671.300
1381.000	1666.200
1382.000	1661.200
1383.000	1657.900
1384.000	1658.900
1385.000	1666.500
1386.000	1668.900
1387.000	1652.800
1388.000	1650.500
1389.000	1654.500
1390.000	1663.700
1391.000	1658.500
1392.000	1655.200
1393.000	1666.800
1394.000	1664.700
1395.000	1660.000
1396.000	1658.800
1397.000	1656.600
1398.000	1654.800
1399.000	1654.400
1400.000	1661.200
1401.000	1664.700
1402.000	1659.100
1403.000	1658.000
1404.000	1660.700
1405.000	1669.100
1406.000	1675.400
1407.000	1677.800
1408.000	1673.600
1409.000	1679.300
1410.000	1686.400
1411.000	1693.400
1412.000	1686.600
1413.000	1683.900
1414.000	1687.400
1415.000	1680.100
1416.000	1676.800
1417.000	1678.600
1418.000	1677.000
1419.000	1675.100
1420.000	1672.900
1421.000	1665.100
1422.000	1661.100
1423.000	1659.300
1424.000	1652.100
1425.000	1648.000
1426.000	1645.000
1427.000	1636.800
1428.000	1634.100
1429.000	1635.500
1430.000	1641.000
1431.000	1629.700
1432.000	1617.000
1433.000	1624.600
1434.000	1619.900
1435.000	1612.800
1436.000	1610.300
1437.000	1607.900
1438.000	1601.800
1439.000	1588.800
1440.000	1589.400
1441.000	1587.400
1442.000	1578.300
1443.000	1571.800
1444.000	1566.100
1445.000	1560.600
1446.000	1571.100
1447.000	1569.200
1448.000	1557.800
1449.000	1563.900
1450.000	1566.700
1451.000	1564.300
1452.000	1545.900
1453.000	1543.700
1454.000	1546.100
1455.000	1538.100
1456.000	1542.700
1457.000	1543.900
1458.000	1528.400
1459.000	1529.100
1460.000	1532.000
1461.000	1534.300
1462.000	1531.300
1463.000	1528.900
1464.000	1527.900
1465.000	1539.900
1466.000	1536.500
1467.000	1522.900
1468.000	1517.000
1469.000	1517.000
1470.000	1519.300
1471.000	1521.200
1472.000	1512.600
1473.000	1504.400
1474.000	1503.700
1475.000	1508.600
1476.000	1509.100
1477.000	1501.800
1478.000	1505.500
1479.000	1500.100
1480.000	1488.700
1481.000	1491.700
1482.000	1500.800
1483.000	1509.700
1484.000	1504.500
1485.000	1498.700
1486.000	1493.300
1487.000	1489.100
1488.000	1495.900
1489.000	1498.500
1490.000	1494.100
1491.000	1500.100
1492.000	1501.600
1493.000	1501.000
1494.000	1507.300
1495.000	1512.000
1496.000	1513.800
1497.000	1509.700
1498.000	1503.100
1499.000	1502.800
1500.000	1513.800
1501.000	1503.900
1502.000	1501.400
1503.000	1505.900
1504.000	1501.100
1505.000	1503.400
1506.000	1505.300
1507.000	1495.300
1508.000	1503.700
1509.000	1514.700
1510.000	1522.300
1511.000	1517.500
1512.000	1521.300
1513.000	1531.300
1514.000	1523.200
1515.000	1523.800
1516.000	1528.400
1517.000	1532.500
1518.000	1538.000
1519.000	1541.500
1520.000	1540.700
1521.000	1547.900
1522.000	1547.600
1523.000	1544.500
1524.000	1551.800
1525.000	1550.500
1526.000	1550.000
1527.000	1558.000
1528.000	1559.800
1529.000	1563.200
1530.000	1568.800
1531.000	1577.000
1532.000	1575.000
1533.000	1570.900
1534.000	1576.800
1535.000	1594.600
1536.000	1598.500
1537.000	1582.300
1538.000	1590.500
1539.000	1598.200
1540.000	1605.800
1541.000	1613.100
1542.000	1625.800
1543.000	1635.700
1544.000	1639.300
1545.000	1637.700
1546.000	1642.200
1547.000	1651.800
1548.000	1663.700
1549.000	1666.700
1550.000	1672.900
1551.000	1688.800
1552.000	1695.900
1553.000	1705.400
1554.000	1718.800
1555.000	1738.600
1556.000	1746.700
1557.000	1752.200
1558.000	1759.400
1559.000	1755.600
1560.000	1754.800
1561.000	1759.700
1562.000	1778.100
1563.000	1787.600
1564.000	1795.800
1565.000	1806.100
1566.000	1806.700
1567.000	1822.100
1568.000	1842.300
1569.000	1846.300
1570.000	1863.700
1571.000	1874.400
1572.000	1873.100
1573.000	1879.500
1574.000	1891.600
1575.000	1906.000
1576.000	1918.700
1577.000	1929.600
1578.000	1937.100
1579.000	1943.500
1580.000	1962.900
1581.000	1978.600
1582.000	1991.800
1583.000	2002.300
1584.000	2018.400
1585.000	2032.900
1586.000	2045.700
1587.000	2055.500
1588.000	2073.600
1589.000	2092.600
1590.000	2110.500
1591.000	2129.500
1592.000	2145.100
1593.000	2159.100
1594.000	2172.500
1595.000	2196.600
1596.000	2213.900
1597.000	2227.000
1598.000	2244.900
1599.000	2261.800
1600.000	2282.600
1601.000	2306.600
1602.000	2312.800
1603.000	2325.300
1604.000	2347.600
1605.000	2382.500
1606.000	2389.900
1607.000	2405.900
1608.000	2427.800
1609.000	2448.600
1610.000	2472.100
1611.000	2500.800
1612.000	2529.800
1613.000	2536.700
1614.000	2552.400
1615.000	2569.900
1616.000	2586.000
1617.000	2607.900
1618.000	2625.000
1619.000	2640.200
1620.000	2655.900
1621.000	2658.800
1622.000	2658.600
1623.000	2662.900
1624.000	2685.700
1625.000	2699.300
1626.000	2708.000
1627.000	2717.000
1628.000	2738.800
1629.000	2749.000
1630.000	2751.300
1631.000	2748.400
1632.000	2750.400
1633.000	2760.900
1634.000	2767.300
1635.000	2766.200
1636.000	2762.300
1637.000	2763.500
1638.000	2762.900
1639.000	2757.700
1640.000	2765.200
1641.000	2774.000
1642.000	2773.000
1643.000	2754.600
1644.000	2744.800
1645.000	2737.100
1646.000	2729.300
1647.000	2718.200
1648.000	2709.900
1649.000	2705.800
1650.000	2701.200
1651.000	2689.800
1652.000	2680.900
1653.000	2664.100
1654.000	2644.700
1655.000	2629.300
1656.000	2601.000
1657.000	2580.900
1658.000	2564.600
1659.000	2545.000
1660.000	2536.400
1661.000	2513.000
1662.000	2480.000
1663.000	2445.800
1664.000	2425.300
1665.000	2408.800
1666.000	2390.100
1667.000	2360.400
1668.000	2330.600
1669.000	2304.500
1670.000	2281.100
1671.000	2259.300
1672.000	2215.400
1673.000	2183.700
1674.000	2154.700
1675.000	2120.300
1676.000	2104.700
1677.000	2089.400
1678.000	2065.300
1679.000	2028.300
1680.000	2010.500
1681.000	1996.400
1682.000	1971.900
1683.000	1933.600
1684.000	1917.500
1685.000	1892.300
1686.000	1865.200
1687.000	1840.600
1688.000	1825.300
1689.000	1798.500
1690.000	1775.300
1691.000	1754.300
1692.000	1723.300
1693.000	1699.400
1694.000	1683.200
1695.000	1668.100
1696.000	1641.000
1697.000	1612.900
1698.000	1585.700
1699.000	1564.200
1700.000	1551.700
1701.000	1531.100
1702.000	1503.300
1703.000	1481.400
1704.000	1468.900
1705.000	1443.200
1706.000	1431.700
1707.000	1414.300
1708.000	1391.200
1709.000	1377.900
1710.000	1347.200
1711.000	1326.800
1712.000	1314.000
1713.000	1300.400
1714.000	1286.700
1715.000	1263.500
1716.000	1240.400
1717.000	1223.000
1718.000	1203.500
1719.000	1188.200
1720.000	1168.900
1721.000	1143.800
1722.000	1113.200
1723.000	1102.800
1724.000	1092.400
1725.000	1081.600
1726.000	1069.600
1727.000	1030.900
1728.000	1017.900
1729.000	1009.800
1730.000	999.200
1731.000	985.700
1732.000	963.300
1733.000	941.800
1734.000	923.300
1735.000	907.900
1736.000	889.900
1737.000	871.800
1738.000	860.500
1739.000	853.100
1740.000	836.000
1741.000	822.700
1742.000	803.400
1743.000	788.000
1744.000	784.100
1745.000	769.400
1746.000	749.500
1747.000	733.000
1748.000	721.300
1749.000	711.900
1750.000	717.700
1751.000	702.500
1752.000	689.100
1753.000	685.000
1754.000	667.600
1755.000	664.100
1756.000	649.300
1757.000	634.700
1758.000	633.100
1759.000	627.200
1760.000	618.300
1761.000	605.800
1762.000	592.100
1763.000	581.200
1764.000	573.100
1765.000	560.900
1766.000	557.000
1767.000	558.800
1768.000	547.000
1769.000	540.700
1770.000	529.500
1771.000	514.300
1772.000	499.000
1773.000	494.200
1774.000	488.800
1775.000	484.900
1776.000	480.200
1777.000	472.300
1778.000	458.900
1779.000	456.000
1780.000	454.000
1781.000	450.000
1782.000	441.900
1783.000	430.400
1784.000	427.300
1785.000	420.200
1786.000	411.400
1787.000	405.100
1788.000	401.800
1789.000	390.900
1790.000	386.300
1791.000	382.400
1792.000	372.100
1793.000	360.600
1794.000	356.800
1795.000	355.400
1796.000	351.500
1797.000	343.500
1798.000	335.100
1799.000	330.900
1800.000	327.200
1801.000	321.200
1802.000	311.800
1803.000	300.600
1804.000	302.200
1805.000	300.700
1806.000	293.100
1807.000	283.800
1808.000	282.700
1809.000	279.500
1810.000	278.300
1811.000	271.700
1812.000	261.900
1813.000	256.100
1814.000	256.900
1815.000	253.000
1816.000	246.300
1817.000	241.800
1818.000	242.100
1819.000	243.800
1820.000	237.000
1821.000	230.900
1822.000	227.500
1823.000	224.400
1824.000	215.300
1825.000	216.100
1826.000	210.200
1827.000	206.500
1828.000	203.700
1829.000	199.400
1830.000	199.300
1831.000	183.800
1832.000	182.800
1833.000	186.600
1834.000	187.000
1835.000	184.100
1836.000	183.100
1837.000	185.300
1838.000	181.100
1839.000	172.800
1840.000	166.800
1841.000	166.500
1842.000	159.900
1843.000	154.000
1844.000	156.500
1845.000	156.600
1846.000	144.900
1847.000	150.400
1848.000	156.100
1849.000	155.900
1850.000	151.200
1851.000	146.200
1852.000	144.200
1853.000	144.300
1854.000	143.800
1855.000	142.900
1856.000	138.200
1857.000	131.900
1858.000	130.500
1859.000	133.200
1860.000	138.400
1861.000	133.400
1862.000	131.000
1863.000	131.100
1864.000	123.200
1865.000	117.700
1866.000	118.000
1867.000	118.400
1868.000	115.900
1869.000	112.200
1870.000	111.400
1871.000	118.100
1872.000	118.600
1873.000	112.700
1874.000	108.900
1875.000	107.400
1876.000	105.000
1877.000	104.600
1878.000	98.600
1879.000	97.400
1880.000	97.900
1881.000	97.600
1882.000	94.100
1883.000	86.500
1884.000	96.000
1885.000	93.200
1886.000	88.200
1887.000	86.400
1888.000	88.900
1889.000	90.400
1890.000	87.900
1891.000	87.400
1892.000	89.200
1893.000	87.000
1894.000	84.200
1895.000	85.400
1896.000	87.000
1897.000	68.300
1898.000	73.500
1899.000	81.100
1900.000	85.300
1901.000	82.100
1902.000	76.200
1903.000	78.700
1904.000	72.800
1905.000	78.700
1906.000	74.900
1907.000	70.400
1908.000	69.000
1909.000	68.300
1910.000	65.800
1911.000	73.100
1912.000	69.700
1913.000	69.200
1914.000	67.700
1915.000	64.900
1916.000	66.000
1917.000	72.300
1918.000	64.000
1919.000	66.000
1920.000	63.500
1921.000	63.800
1922.000	66.000
1923.000	64.600
1924.000	58.100
1925.000	56.400
1926.000	55.900
1927.000	54.500
1928.000	52.400
1929.000	51.500
1930.000	53.500
1931.000	56.700
1932.000	55.700
1933.000	44.400
1934.000	50.700
1935.000	48.300
1936.000	47.200
1937.000	47.300
1938.000	46.700
1939.000	47.500
1940.000	51.400
1941.000	45.300
1942.000	44.800
1943.000	40.400
1944.000	42.800
1945.000	45.400
1946.000	43.100
1947.000	40.200
1948.000	41.600
1949.000	40.600
1950.000	48.500
1951.000	37.600
1952.000	36.500
1953.000	34.200
1954.000	36.600
1955.000	40.800
1956.000	37.300
1957.000	37.000
1958.000	34.400
1959.000	43.900
1960.000	35.500
1961.000	35.400
1962.000	36.700
1963.000	37.000
1964.000	37.300
1965.000	34.100
1966.000	33.600
1967.000	32.000
1968.000	36.400
1969.000	34.200
1970.000	36.800
1971.000	37.600
1972.000	40.100
1973.000	40.200
1974.000	35.300
1975.000	37.200
1976.000	40.300
1977.000	35.800
1978.000	32.800
1979.000	29.700
1980.000	34.600
1981.000	34.900
1982.000	31.500
1983.000	34.200
1984.000	39.200
1985.000	34.500
1986.000	31.600
1987.000	24.300
1988.000	33.100
1989.000	34.600
1990.000	33.800
1991.000	32.400
1992.000	33.600
1993.000	36.300
1994.000	32.300
1995.000	26.200
1996.000	39.000
1997.000	30.700
1998.000	32.900
1999.000	34.400
2000.000	41.000
