200.000	9648.000
201.000	9635.100
202.000	9624.800
203.000	9607.800
204.000	9549.600
205.000	9484.500
206.000	9302.900
207.000	9121.200
208.000	9213.700
209.000	9316.100
210.000	9378.200
211.000	9434.300
212.000	9452.600
213.000	9460.700
214.000	9453.100
215.000	9438.900
216.000	9425.800
217.000	9413.500
218.000	9386.500
219.000	9346.800
220.000	9319.000
221.000	9306.900
222.000	9280.900
223.000	9230.700
224.000	9186.800
225.000	9158.700
226.000	9129.600
227.000	9095.300
228.000	9061.400
229.000	9028.800
230.000	8995.900
231.000	8960.500
232.000	8924.600
233.000	8888.000
234.000	8851.800
235.000	8815.900
236.000	8780.200
237.000	8716.500
238.000	8646.800
239.000	8615.500
240.000	8598.200
241.000	8552.200
242.000	8491.600
243.000	8458.700
244.000	8445.400
245.000	8410.400
246.000	8355.100
247.000	8316.600
248.000	8299.300
249.000	8283.600
250.000	8270.400
251.000	8254.400
252.000	8232.600
253.000	8211.800
254.000	8195.200
255.000	8180.900
256.000	8178.800
257.000	8175.100
258.000	8156.300
259.000	8138.400
260.000	8140.300
261.000	8142.100
262.000	8129.300
263.000	8116.000
264.000	8104.500
265.000	8092.800
266.000	8102.000
267.000	8114.900
268.000	8113.600
269.000	8107.800
270.000	8100.100
271.000	8091.400
272.000	8080.900
273.000	8069.100
274.000	8058.800
275.000	8049.400
276.000	8046.400
277.000	8049.300
278.000	8052.200
279.000	8055.000
280.000	8043.900
281.000	8013.900
282.000	7995.900
283.000	7999.700
284.000	7993.900
285.000	7966.600
286.000	7942.400
287.000	7927.100
288.000	7913.200
289.000	7905.500
290.000	7895.400
291.000	7870.700
292.000	7848.200
293.000	7846.300
294.000	7843.900
295.000	7833.600
296.000	7823.100
297.000	7810.200
298.000	7797.300
299.000	7783.700
300.000	7770.300
301.000	7761.400
302.000	7752.800
303.000	7736.800
304.000	7718.900
305.000	7702.900
306.000	7687.000
307.000	7697.400
308.000	7716.000
309.000	7717.500
310.000	7711.800
311.000	7723.000
312.000	7742.600
313.000	7743.100
314.000	7733.000
315.000	7736.900
316.000	7750.600
317.000	7766.200
318.000	7783.400
319.000	7795.700
320.000	7803.700
321.000	7814.100
322.000	7827.000
323.000	7845.000
324.000	7869.500
325.000	7889.100
326.000	7902.200
327.000	7922.000
328.000	7953.800
329.000	7983.600
330.000	8009.300
331.000	8034.500
332.000	8057.700
333.000	8082.700
334.000	8112.100
335.000	8138.300
336.000	8152.400
337.000	8170.100
338.000	8200.800
339.000	8230.400
340.000	8254.100
341.000	8274.800
342.000	8279.300
343.000	8288.000
344.000	8328.900
345.000	8365.500
346.000	8346.800
347.000	8330.400
348.000	8363.400
349.000	8396.000
350.000	8430.800
351.000	8465.500
352.000	8461.600
353.000	8457.800
354.000	8462.500
355.000	8467.400
356.000	8473.500
357.000	8479.800
358.000	8486.600
359.000	8493.400
360.000	8515.700
361.000	8539.700
362.000	8558.300
363.000	8576.200
364.000	8582.200
365.000	8586.600
366.000	8611.100
367.000	8639.000
368.000	8684.400
369.000	8733.100
370.000	8744.800
371.000	8747.900
372.000	8762.000
373.000	8778.800
374.000	8785.200
375.000	8789.200
376.000	8800.600
377.000	8814.800
378.000	8830.900
379.000	8847.800
380.000	8871.500
381.000	8897.700
382.000	8853.000
383.000	8782.900
384.000	8601.200
385.000	8376.900
386.000	8521.100
387.000	8811.700
388.000	8942.000
389.000	9006.000
390.000	9025.500
391.000	9026.000
392.000	9037.000
393.000	9052.800
394.000	9087.100
395.000	9129.900
396.000	9147.100
397.000	9152.700
398.000	9163.300
399.000	9176.000
400.000	9191.000
401.000	9207.300
402.000	9226.100
403.000	9245.900
404.000	9250.000
405.000	9246.300
406.000	9247.400
407.000	9250.500
408.000	9272.100
409.000	9302.800
410.000	9295.400
411.000	9269.400
412.000	9280.600
413.000	9309.700
414.000	9318.800
415.000	9318.200
416.000	9325.700
417.000	9337.300
418.000	9330.100
419.000	9314.500
420.000	9307.000
421.000	9303.200
422.000	9287.800
423.000	9268.100
424.000	9263.400
425.000	9264.800
426.000	9262.700
427.000	9259.200
428.000	9244.000
429.000	9224.900
430.000	9214.400
431.000	9207.000
432.000	9187.400
433.000	9163.300
434.000	9157.700
435.000	9157.500
436.000	9151.500
437.000	9144.100
438.000	9147.600
439.000	9153.700
440.000	9135.500
441.000	9111.400
442.000	9099.900
443.000	9090.900
444.000	9084.100
445.000	9077.800
446.000	9070.800
447.000	9063.800
448.000	9045.500
449.000	9025.700
450.000	9014.200
451.000	9003.600
452.000	9005.800
453.000	9009.000
454.000	8983.300
455.000	8956.200
456.000	8947.200
457.000	8939.500
458.000	8941.100
459.000	8942.800
460.000	8933.600
461.000	8924.000
462.000	8910.000
463.000	8896.700
464.000	8895.700
465.000	8892.700
466.000	8875.300
467.000	8859.600
468.000	8854.100
469.000	8850.300
470.000	8855.200
471.000	8856.500
472.000	8841.800
473.000	8831.600
474.000	8840.500
475.000	8841.200
476.000	8815.600
477.000	8803.200
478.000	8826.100
479.000	8841.000
480.000	8838.500
481.000	8841.100
482.000	8854.300
483.000	8860.200
484.000	8854.800
485.000	8850.100
486.000	8846.600
487.000	8846.200
488.000	8849.600
489.000	8847.700
490.000	8839.800
491.000	8822.900
492.000	8797.800
493.000	8763.200
494.000	8721.200
495.000	8680.400
496.000	8640.300
497.000	8591.900
498.000	8539.000
499.000	8473.900
500.000	8403.700
501.000	8371.700
502.000	8353.800
503.000	8296.800
504.000	8228.300
505.000	8186.500
506.000	8150.200
507.000	8112.300
508.000	8074.300
509.000	8033.600
510.000	7992.800
511.000	7947.100
512.000	7901.200
513.000	7850.800
514.000	7801.300
515.000	7772.300
516.000	7741.500
517.000	7700.200
518.000	7665.200
519.000	7660.600
520.000	7645.400
521.000	7591.100
522.000	7544.400
523.000	7516.800
524.000	7488.200
525.000	7458.100
526.000	7433.000
527.000	7415.300
528.000	7392.600
529.000	7363.500
530.000	7337.400
531.000	7314.400
532.000	7295.000
533.000	7278.500
534.000	7259.800
535.000	7239.700
536.000	7229.500
537.000	7224.000
538.000	7201.200
539.000	7172.300
540.000	7176.700
541.000	7189.700
542.000	7174.100
543.000	7153.900
544.000	7139.700
545.000	7126.000
546.000	7099.700
547.000	7074.300
548.000	7064.400
549.000	7054.000
550.000	7038.800
551.000	7020.200
552.000	6985.900
553.000	6964.000
554.000	6978.400
555.000	6978.200
556.000	6947.200
557.000	6924.900
558.000	6916.300
559.000	6907.100
560.000	6898.000
561.000	6888.300
562.000	6878.200
563.000	6864.200
564.000	6847.400
565.000	6840.700
566.000	6838.200
567.000	6828.900
568.000	6817.500
569.000	6790.700
570.000	6761.100
571.000	6754.600
572.000	6750.600
573.000	6742.500
574.000	6733.500
575.000	6717.900
576.000	6700.900
577.000	6678.300
578.000	6657.900
579.000	6645.500
580.000	6639.600
581.000	6649.400
582.000	6654.000
583.000	6650.100
584.000	6644.400
585.000	6636.200
586.000	6619.500
587.000	6595.900
588.000	6586.200
589.000	6585.200
590.000	6573.700
591.000	6558.100
592.000	6544.100
593.000	6530.300
594.000	6540.100
595.000	6552.700
596.000	6532.100
597.000	6512.800
598.000	6517.400
599.000	6518.600
600.000	6502.500
601.000	6490.600
602.000	6489.900
603.000	6484.200
604.000	6469.100
605.000	6453.600
606.000	6438.100
607.000	6431.300
608.000	6433.000
609.000	6412.400
610.000	6379.000
611.000	6360.000
612.000	6347.000
613.000	6342.600
614.000	6340.400
615.000	6316.000
616.000	6289.600
617.000	6267.900
618.000	6248.600
619.000	6252.600
620.000	6251.600
621.000	6231.600
622.000	6208.200
623.000	6177.200
624.000	6162.800
625.000	6172.300
626.000	6166.500
627.000	6146.400
628.000	6139.500
629.000	6140.500
630.000	6124.800
631.000	6102.700
632.000	6092.000
633.000	6083.800
634.000	6072.400
635.000	6061.200
636.000	6064.500
637.000	6064.800
638.000	6049.200
639.000	6031.400
640.000	6009.000
641.000	5997.700
642.000	6004.900
643.000	6007.700
644.000	6006.000
645.000	5997.300
646.000	5984.000
647.000	5977.500
648.000	5974.100
649.000	5969.400
650.000	5964.600
651.000	5954.600
652.000	5944.200
653.000	5932.000
654.000	5919.200
655.000	5904.900
656.000	5889.600
657.000	5873.200
658.000	5851.600
659.000	5822.200
660.000	5803.500
661.000	5794.800
662.000	5763.500
663.000	5719.100
664.000	5712.100
665.000	5717.300
666.000	5687.500
667.000	5652.700
668.000	5636.700
669.000	5618.200
670.000	5581.400
671.000	5551.900
672.000	5544.300
673.000	5537.300
674.000	5531.000
675.000	5513.000
676.000	5483.600
677.000	5469.700
678.000	5465.600
679.000	5453.100
680.000	5438.000
681.000	5416.300
682.000	5393.500
683.000	5379.300
684.000	5364.200
685.000	5342.400
686.000	5326.500
687.000	5327.400
688.000	5323.700
689.000	5312.400
690.000	5297.400
691.000	5278.900
692.000	5254.100
693.000	5225.700
694.000	5216.800
695.000	5212.300
696.000	5192.000
697.000	5172.500
698.000	5176.200
699.000	5174.000
700.000	5149.900
701.000	5128.200
702.000	5111.300
703.000	5097.300
704.000	5086.200
705.000	5080.700
706.000	5077.900
707.000	5058.800
708.000	5034.700
709.000	5009.100
710.000	4985.700
711.000	4992.900
712.000	4995.200
713.000	4979.100
714.000	4972.000
715.000	4981.900
716.000	4982.100
717.000	4972.500
718.000	4964.400
719.000	4957.100
720.000	4942.800
721.000	4926.400
722.000	4915.300
723.000	4905.600
724.000	4906.200
725.000	4901.700
726.000	4881.900
727.000	4868.100
728.000	4863.500
729.000	4852.800
730.000	4836.800
731.000	4822.800
732.000	4809.300
733.000	4809.500
734.000	4811.900
735.000	4797.200
736.000	4783.900
737.000	4777.900
738.000	4770.200
739.000	4758.400
740.000	4751.700
741.000	4749.700
742.000	4748.300
743.000	4746.600
744.000	4728.700
745.000	4706.700
746.000	4686.600
747.000	4666.900
748.000	4646.600
749.000	4634.600
750.000	4642.800
751.000	4642.800
752.000	4632.500
753.000	4617.500
754.000	4599.500
755.000	4585.000
756.000	4571.400
757.000	4576.800
758.000	4580.200
759.000	4555.800
760.000	4538.000
761.000	4538.900
762.000	4533.700
763.000	4520.500
764.000	4516.800
765.000	4518.800
766.000	4505.700
767.000	4488.100
768.000	4489.000
769.000	4489.500
770.000	4481.100
771.000	4472.500
772.000	4463.400
773.000	4456.600
774.000	4452.300
775.000	4433.200
776.000	4405.900
777.000	4394.000
778.000	4385.200
779.000	4386.500
780.000	4387.100
781.000	4383.300
782.000	4378.500
783.000	4371.700
784.000	4367.600
785.000	4365.700
786.000	4353.800
787.000	4337.600
788.000	4322.500
789.000	4306.800
790.000	4285.400
791.000	4267.400
792.000	4260.000
793.000	4254.000
794.000	4249.500
795.000	4232.200
796.000	4206.900
797.000	4204.900
798.000	4208.200
799.000	4175.800
800.000	4148.900
801.000	4146.200
802.000	4141.400
803.000	4132.300
804.000	4122.400
805.000	4111.800
806.000	4100.500
807.000	4088.800
808.000	4064.800
809.000	4041.200
810.000	4027.200
811.000	4015.000
812.000	4006.500
813.000	3992.400
814.000	3973.100
815.000	3961.400
816.000	3952.900
817.000	3931.800
818.000	3910.900
819.000	3902.100
820.000	3895.800
821.000	3894.900
822.000	3887.800
823.000	3874.700
824.000	3853.200
825.000	3828.700
826.000	3809.400
827.000	3793.000
828.000	3798.700
829.000	3795.300
830.000	3771.100
831.000	3762.400
832.000	3769.200
833.000	3759.600
834.000	3743.600
835.000	3723.200
836.000	3704.000
837.000	3696.600
838.000	3687.800
839.000	3675.000
840.000	3661.800
841.000	3647.400
842.000	3635.600
843.000	3624.600
844.000	3619.700
845.000	3614.600
846.000	3606.400
847.000	3595.200
848.000	3578.600
849.000	3560.100
850.000	3539.900
851.000	3520.400
852.000	3501.400
853.000	3489.800
854.000	3480.000
855.000	3476.800
856.000	3464.400
857.000	3439.900
858.000	3422.400
859.000	3408.500
860.000	3395.700
861.000	3383.600
862.000	3379.400
863.000	3369.900
864.000	3349.500
865.000	3335.700
866.000	3327.800
867.000	3313.600
868.000	3297.500
869.000	3304.700
870.000	3308.300
871.000	3293.500
872.000	3282.200
873.000	3276.300
874.000	3271.400
875.000	3266.900
876.000	3261.000
877.000	3254.300
878.000	3241.600
879.000	3235.400
880.000	3244.000
881.000	3257.000
882.000	3273.300
883.000	3269.400
884.000	3259.400
885.000	3271.800
886.000	3280.000
887.000	3273.500
888.000	3276.700
889.000	3291.000
890.000	3286.200
891.000	3273.200
892.000	3268.700
893.000	3260.400
894.000	3227.200
895.000	3201.100
896.000	3185.900
897.000	3168.400
898.000	3149.600
899.000	3121.800
900.000	3093.200
901.000	3065.500
902.000	3040.500
903.000	3020.000
904.000	3003.100
905.000	2988.300
906.000	2975.000
907.000	2962.300
908.000	2959.100
909.000	2956.100
910.000	2953.300
911.000	2952.000
912.000	2951.600
913.000	2944.900
914.000	2937.900
915.000	2963.700
916.000	2991.700
917.000	3025.500
918.000	3052.300
919.000	3072.900
920.000	3125.200
921.000	3188.000
922.000	3260.000
923.000	3335.200
924.000	3420.500
925.000	3491.400
926.000	3548.600
927.000	3554.000
928.000	3542.400
929.000	3465.100
930.000	3383.300
931.000	3290.300
932.000	3196.200
933.000	3100.800
934.000	3022.500
935.000	2950.200
936.000	2912.500
937.000	2871.700
938.000	2823.600
939.000	2787.000
940.000	2760.500
941.000	2727.800
942.000	2695.200
943.000	2688.000
944.000	2679.200
945.000	2667.000
946.000	2650.000
947.000	2629.400
948.000	2629.300
949.000	2629.800
950.000	2605.300
951.000	2588.300
952.000	2582.400
953.000	2576.000
954.000	2569.200
955.000	2560.200
956.000	2552.000
957.000	2549.500
958.000	2544.600
959.000	2536.900
960.000	2533.000
961.000	2530.600
962.000	2529.200
963.000	2524.800
964.000	2509.700
965.000	2506.200
966.000	2513.700
967.000	2500.600
968.000	2482.500
969.000	2482.800
970.000	2484.200
971.000	2488.200
972.000	2490.700
973.000	2492.600
974.000	2475.900
975.000	2459.800
976.000	2461.700
977.000	2462.600
978.000	2462.300
979.000	2451.600
980.000	2436.800
981.000	2435.600
982.000	2431.000
983.000	2416.600
984.000	2410.600
985.000	2412.000
986.000	2407.100
987.000	2400.200
988.000	2389.600
989.000	2379.800
990.000	2370.600
991.000	2366.900
992.000	2366.500
993.000	2376.000
994.000	2379.700
995.000	2365.100
996.000	2363.300
997.000	2373.000
998.000	2367.400
999.000	2357.900
1000.000	2347.800
1001.000	2345.200
1002.000	2354.500
1003.000	2344.900
1004.000	2326.500
1005.000	2325.000
1006.000	2320.000
1007.000	2305.400
1008.000	2296.300
1009.000	2291.500
1010.000	2299.600
1011.000	2305.600
1012.000	2288.000
1013.000	2279.900
1014.000	2283.600
1015.000	2287.500
1016.000	2291.300
1017.000	2288.900
1018.000	2287.900
1019.000	2290.100
1020.000	2293.200
1021.000	2297.100
1022.000	2280.700
1023.000	2264.500
1024.000	2255.000
1025.000	2253.000
1026.000	2257.900
1027.000	2259.400
1028.000	2258.800
1029.000	2251.600
1030.000	2247.800
1031.000	2248.500
1032.000	2255.500
1033.000	2264.100
1034.000	2262.300
1035.000	2257.800
1036.000	2249.600
1037.000	2240.000
1038.000	2229.700
1039.000	2237.400
1040.000	2241.800
1041.000	2237.000
1042.000	2234.200
1043.000	2233.000
1044.000	2231.100
1045.000	2232.700
1046.000	2244.500
1047.000	2242.900
1048.000	2229.600
1049.000	2225.800
1050.000	2222.400
1051.000	2210.300
1052.000	2204.500
1053.000	2205.300
1054.000	2220.200
1055.000	2235.000
1056.000	2220.500
1057.000	2208.800
1058.000	2201.200
1059.000	2203.300
1060.000	2207.800
1061.000	2202.700
1062.000	2196.500
1063.000	2189.200
1064.000	2193.200
1065.000	2200.900
1066.000	2189.200
1067.000	2175.600
1068.000	2158.500
1069.000	2166.100
1070.000	2184.700
1071.000	2186.300
1072.000	2185.100
1073.000	2178.200
1074.000	2173.200
1075.000	2169.000
1076.000	2159.400
1077.000	2148.800
1078.000	2137.800
1079.000	2141.300
1080.000	2152.600
1081.000	2148.900
1082.000	2146.900
1083.000	2150.000
1084.000	2144.900
1085.000	2135.500
1086.000	2136.100
1087.000	2133.700
1088.000	2124.000
1089.000	2122.000
1090.000	2124.300
1091.000	2126.200
1092.000	2126.400
1093.000	2124.700
1094.000	2118.900
1095.000	2111.700
1096.000	2107.700
1097.000	2102.800
1098.000	2095.200
1099.000	2088.200
1100.000	2081.600
1101.000	2077.200
1102.000	2077.000
1103.000	2083.400
1104.000	2080.200
1105.000	2073.700
1106.000	2080.200
1107.000	2081.100
1108.000	2073.600
1109.000	2072.500
1110.000	2072.700
1111.000	2063.600
1112.000	2062.900
1113.000	2072.400
1114.000	2068.600
1115.000	2061.100
1116.000	2051.000
1117.000	2045.300
1118.000	2045.300
1119.000	2052.800
1120.000	2057.900
1121.000	2045.100
1122.000	2041.700
1123.000	2046.100
1124.000	2043.100
1125.000	2038.100
1126.000	2030.200
1127.000	2025.300
1128.000	2021.800
1129.000	2020.800
1130.000	2020.100
1131.000	2019.900
1132.000	2025.500
1133.000	2033.200
1134.000	2027.800
1135.000	2024.200
1136.000	2023.000
1137.000	2019.100
1138.000	2015.700
1139.000	2021.000
1140.000	2018.400
1141.000	2006.500
1142.000	2007.700
1143.000	2010.200
1144.000	2010.000
1145.000	2009.300
1146.000	2008.200
1147.000	2004.100
1148.000	1999.200
1149.000	1993.800
1150.000	1994.600
1151.000	1998.700
1152.000	2000.800
1153.000	1996.600
1154.000	1982.600
1155.000	1977.400
1156.000	1977.600
1157.000	1994.100
1158.000	1988.500
1159.000	1963.300
1160.000	1970.200
1161.000	1975.100
1162.000	1964.100
1163.000	1965.800
1164.000	1973.900
1165.000	1965.700
1166.000	1960.000
1167.000	1956.800
1168.000	1951.800
1169.000	1947.600
1170.000	1955.500
1171.000	1960.000
1172.000	1962.300
1173.000	1947.100
1174.000	1935.100
1175.000	1935.300
1176.000	1939.100
1177.000	1944.700
1178.000	1939.500
1179.000	1933.600
1180.000	1926.200
1181.000	1926.600
1182.000	1928.100
1183.000	1928.800
1184.000	1931.700
1185.000	1936.200
1186.000	1925.800
1187.000	1916.700
1188.000	1910.100
1189.000	1915.100
1190.000	1921.000
1191.000	1913.000
1192.000	1909.400
1193.000	1909.100
1194.000	1905.600
1195.000	1904.600
1196.000	1909.500
1197.000	1905.600
1198.000	1899.200
1199.000	1901.300
1200.000	1901.300
1201.000	1899.400
1202.000	1901.300
1203.000	1896.100
1204.000	1874.200
1205.000	1879.700
1206.000	1894.500
1207.000	1891.200
1208.000	1891.200
1209.000	1894.600
1210.000	1890.200
1211.000	1887.200
1212.000	1889.800
1213.000	1878.400
1214.000	1863.700
1215.000	1869.500
1216.000	1874.700
1217.000	1879.500
1218.000	1867.100
1219.000	1858.600
1220.000	1862.200
1221.000	1874.200
1222.000	1886.500
1223.000	1879.600
1224.000	1872.600
1225.000	1865.500
1226.000	1878.000
1227.000	1882.600
1228.000	1871.800
1229.000	1859.500
1230.000	1850.400
1231.000	1858.200
1232.000	1861.400
1233.000	1861.900
1234.000	1858.300
1235.000	1857.000
1236.000	1858.900
1237.000	1854.600
1238.000	1848.200
1239.000	1838.200
1240.000	1839.200
1241.000	1845.500
1242.000	1850.900
1243.000	1851.900
1244.000	1848.700
1245.000	1843.100
1246.000	1840.800
1247.000	1845.200
1248.000	1837.000
1249.000	1827.900
1250.000	1830.700
1251.000	1836.000
1252.000	1842.400
1253.000	1835.300
1254.000	1828.600
1255.000	1822.800
1256.000	1815.000
1257.000	1812.100
1258.000	1820.600
1259.000	1820.600
1260.000	1815.600
1261.000	1799.700
1262.000	1798.600
1263.000	1807.300
1264.000	1819.000
1265.000	1820.000
1266.000	1809.900
1267.000	1807.400
1268.000	1804.100
1269.000	1797.200
1270.000	1799.800
1271.000	1802.600
1272.000	1794.700
1273.000	1791.200
1274.000	1789.700
1275.000	1786.000
1276.000	1783.000
1277.000	1781.300
1278.000	1779.700
1279.000	1776.900
1280.000	1772.500
1281.000	1771.400
1282.000	1769.500
1283.000	1764.800
1284.000	1755.600
1285.000	1748.900
1286.000	1768.300
1287.000	1775.400
1288.000	1772.600
1289.000	1744.700
1290.000	1729.300
1291.000	1727.800
1292.000	1720.600
1293.000	1718.000
1294.000	1723.500
1295.000	1717.100
1296.000	1710.200
1297.000	1709.200
1298.000	1709.700
1299.000	1709.000
1300.000	1699.500
1301.000	1698.200
1302.000	1701.000
1303.000	1701.900
1304.000	1706.300
1305.000	1714.500
1306.000	1700.000
1307.000	1691.400
1308.000	1690.500
1309.000	1688.300
1310.000	1685.000
1311.000	1679.600
1312.000	1675.700
1313.000	1672.100
1314.000	1667.400
1315.000	1669.300
1316.000	1673.800
1317.000	1677.900
1318.000	1676.100
1319.000	1671.300
1320.000	1666.200
1321.000	1658.600
1322.000	1648.700
1323.000	1642.900
1324.000	1643.900
1325.000	1650.800
1326.000	1644.900
1327.000	1641.800
1328.000	1643.300
1329.000	1643.400
1330.000	1643.700
1331.000	1644.100
1332.000	1643.100
1333.000	1639.200
1334.000	1630.300
1335.000	1626.500
1336.000	1625.400
1337.000	1628.100
1338.000	1634.700
1339.000	1640.500
1340.000	1636.500
1341.000	1655.400
1342.000	1682.800
1343.000	1686.900
1344.000	1690.600
1345.000	1694.900
1346.000	1709.600
1347.000	1713.700
1348.000	1709.100
1349.000	1690.700
1350.000	1679.200
1351.000	1673.100
1352.000	1665.900
1353.000	1656.600
1354.000	1644.200
1355.000	1631.500
1356.000	1627.800
1357.000	1635.200
1358.000	1632.600
1359.000	1625.900
1360.000	1613.700
1361.000	1612.300
1362.000	1609.000
1363.000	1600.200
1364.000	1598.000
1365.000	1597.000
1366.000	1596.700
1367.000	1592.900
1368.000	1590.600
1369.000	1592.100
1370.000	1597.200
1371.000	1594.800
1372.000	1575.700
1373.000	1583.200
1374.000	1592.700
1375.000	1592.400
1376.000	1583.800
1377.000	1579.600
1378.000	1589.900
1379.000	1593.700
1380.000	1595.100
1381.000	1595.200
1382.000	1593.800
1383.000	1594.000
1384.000	1599.100
1385.000	1598.700
1386.000	1596.700
1387.000	1594.200
1388.000	1593.700
1389.000	1593.900
1390.000	1594.800
1391.000	1605.200
1392.000	1612.800
1393.000	1606.700
1394.000	1616.300
1395.000	1626.900
1396.000	1632.100
1397.000	1638.700
1398.000	1644.700
1399.000	1649.500
1400.000	1660.200
1401.000	1672.800
1402.000	1685.700
1403.000	1694.400
1404.000	1703.800
1405.000	1714.700
1406.000	1729.400
1407.000	1741.200
1408.000	1746.800
1409.000	1743.600
1410.000	1748.700
1411.000	1768.000
1412.000	1790.100
1413.000	1795.700
1414.000	1779.700
1415.000	1774.500
1416.000	1777.200
1417.000	1788.200
1418.000	1777.800
1419.000	1758.400
1420.000	1730.800
1421.000	1722.500
1422.000	1710.500
1423.000	1695.800
1424.000	1688.600
1425.000	1672.900
1426.000	1654.400
1427.000	1659.000
1428.000	1648.600
1429.000	1631.300
1430.000	1620.100
1431.000	1614.300
1432.000	1607.800
1433.000	1588.300
1434.000	1578.800
1435.000	1571.700
1436.000	1562.300
1437.000	1555.800
1438.000	1550.400
1439.000	1544.900
1440.000	1540.400
1441.000	1532.200
1442.000	1518.700
1443.000	1515.200
1444.000	1510.600
1445.000	1503.300
1446.000	1513.200
1447.000	1508.800
1448.000	1493.400
1449.000	1499.700
1450.000	1498.800
1451.000	1493.200
1452.000	1483.900
1453.000	1481.400
1454.000	1479.400
1455.000	1469.900
1456.000	1476.400
1457.000	1478.800
1458.000	1460.700
1459.000	1449.400
1460.000	1448.300
1461.000	1461.000
1462.000	1457.200
1463.000	1455.200
1464.000	1456.500
1465.000	1450.000
1466.000	1440.600
1467.000	1430.900
1468.000	1434.800
1469.000	1440.600
1470.000	1442.600
1471.000	1427.600
1472.000	1432.900
1473.000	1437.000
1474.000	1426.800
1475.000	1425.000
1476.000	1427.000
1477.000	1432.200
1478.000	1433.600
1479.000	1437.400
1480.000	1441.700
1481.000	1425.800
1482.000	1421.600
1483.000	1425.000
1484.000	1434.000
1485.000	1428.400
1486.000	1423.400
1487.000	1429.000
1488.000	1426.800
1489.000	1424.600
1490.000	1423.200
1491.000	1420.600
1492.000	1420.900
1493.000	1423.800
1494.000	1428.800
1495.000	1421.300
1496.000	1414.000
1497.000	1423.500
1498.000	1432.500
1499.000	1439.300
1500.000	1443.000
1501.000	1421.400
1502.000	1413.400
1503.000	1419.400
1504.000	1422.100
1505.000	1424.900
1506.000	1425.500
1507.000	1418.100
1508.000	1433.300
1509.000	1441.800
1510.000	1431.000
1511.000	1436.900
1512.000	1443.600
1513.000	1450.300
1514.000	1455.500
1515.000	1461.300
1516.000	1462.400
1517.000	1448.600
1518.000	1443.300
1519.000	1450.000
1520.000	1471.500
1521.000	1465.900
1522.000	1458.200
1523.000	1452.900
1524.000	1468.300
1525.000	1474.200
1526.000	1472.200
1527.000	1460.900
1528.000	1477.500
1529.000	1488.500
1530.000	1490.500
1531.000	1487.500
1532.000	1482.600
1533.000	1480.300
1534.000	1489.500
1535.000	1504.900
1536.000	1511.200
1537.000	1504.400
1538.000	1502.700
1539.000	1506.800
1540.000	1516.600
1541.000	1534.200
1542.000	1531.400
1543.000	1533.300
1544.000	1550.200
1545.000	1546.300
1546.000	1557.500
1547.000	1577.300
1548.000	1582.900
1549.000	1580.300
1550.000	1585.400
1551.000	1607.500
1552.000	1617.900
1553.000	1625.400
1554.000	1632.300
1555.000	1646.900
1556.000	1658.300
1557.000	1658.800
1558.000	1642.200
1559.000	1653.400
1560.000	1659.900
1561.000	1664.600
1562.000	1681.000
1563.000	1694.000
1564.000	1703.000
1565.000	1708.600
1566.000	1714.000
1567.000	1724.400
1568.000	1736.800
1569.000	1744.600
1570.000	1754.000
1571.000	1764.400
1572.000	1775.600
1573.000	1797.000
1574.000	1803.100
1575.000	1805.300
1576.000	1819.700
1577.000	1831.100
1578.000	1840.900
1579.000	1850.200
1580.000	1861.700
1581.000	1873.400
1582.000	1888.400
1583.000	1908.000
1584.000	1912.100
1585.000	1921.500
1586.000	1935.800
1587.000	1953.400
1588.000	1970.400
1589.000	1977.200
1590.000	1975.100
1591.000	2013.700
1592.000	2035.200
1593.000	2049.600
1594.000	2065.400
1595.000	2074.400
1596.000	2080.900
1597.000	2090.600
1598.000	2119.900
1599.000	2135.300
1600.000	2154.400
1601.000	2180.400
1602.000	2199.600
1603.000	2204.000
1604.000	2214.500
1605.000	2246.900
1606.000	2258.800
1607.000	2278.800
1608.000	2300.900
1609.000	2313.900
1610.000	2336.300
1611.000	2355.700
1612.000	2373.600
1613.000	2404.000
1614.000	2415.700
1615.000	2429.900
1616.000	2453.100
1617.000	2470.000
1618.000	2482.100
1619.000	2496.300
1620.000	2517.300
1621.000	2520.200
1622.000	2532.600
1623.000	2544.200
1624.000	2539.900
1625.000	2553.100
1626.000	2567.000
1627.000	2578.600
1628.000	2584.200
1629.000	2568.500
1630.000	2572.700
1631.000	2597.600
1632.000	2604.600
1633.000	2613.200
1634.000	2616.300
1635.000	2612.700
1636.000	2614.300
1637.000	2614.900
1638.000	2619.400
1639.000	2627.400
1640.000	2613.300
1641.000	2605.200
1642.000	2598.400
1643.000	2590.100
1644.000	2591.700
1645.000	2589.900
1646.000	2580.100
1647.000	2558.600
1648.000	2546.400
1649.000	2535.100
1650.000	2526.300
1651.000	2521.300
1652.000	2517.300
1653.000	2499.800
1654.000	2478.800
1655.000	2466.300
1656.000	2445.400
1657.000	2437.500
1658.000	2427.000
1659.000	2392.400
1660.000	2360.500
1661.000	2340.800
1662.000	2323.900
1663.000	2296.500
1664.000	2265.600
1665.000	2251.700
1666.000	2242.200
1667.000	2220.200
1668.000	2176.800
1669.000	2147.800
1670.000	2127.100
1671.000	2107.200
1672.000	2081.800
1673.000	2053.200
1674.000	2019.800
1675.000	1981.600
1676.000	1966.800
1677.000	1943.200
1678.000	1914.700
1679.000	1884.500
1680.000	1873.300
1681.000	1858.100
1682.000	1832.100
1683.000	1795.000
1684.000	1774.100
1685.000	1744.700
1686.000	1722.900
1687.000	1708.000
1688.000	1668.200
1689.000	1654.100
1690.000	1629.900
1691.000	1596.800
1692.000	1584.500
1693.000	1560.100
1694.000	1528.300
1695.000	1494.700
1696.000	1470.000
1697.000	1466.800
1698.000	1442.900
1699.000	1415.700
1700.000	1402.600
1701.000	1380.300
1702.000	1358.100
1703.000	1334.300
1704.000	1309.900
1705.000	1298.600
1706.000	1270.900
1707.000	1248.100
1708.000	1232.900
1709.000	1214.800
1710.000	1195.100
1711.000	1171.600
1712.000	1152.400
1713.000	1148.500
1714.000	1136.300
1715.000	1114.600
1716.000	1094.000
1717.000	1079.700
1718.000	1063.700
1719.000	1042.100
1720.000	1027.100
1721.000	1016.800
1722.000	1000.600
1723.000	975.800
1724.000	965.800
1725.000	953.900
1726.000	926.500
1727.000	916.700
1728.000	899.900
1729.000	887.700
1730.000	883.100
1731.000	880.700
1732.000	851.600
1733.000	829.800
1734.000	815.300
1735.000	803.900
1736.000	795.500
1737.000	781.700
1738.000	771.800
1739.000	765.400
1740.000	752.400
1741.000	751.600
1742.000	739.000
1743.000	723.000
1744.000	712.600
1745.000	699.700
1746.000	693.000
1747.000	686.600
1748.000	677.000
1749.000	661.500
1750.000	650.600
1751.000	645.000
1752.000	638.800
1753.000	629.600
1754.000	621.500
1755.000	613.200
1756.000	600.400
1757.000	589.800
1758.000	586.900
1759.000	579.400
1760.000	568.600
1761.000	551.000
1762.000	538.300
1763.000	548.300
1764.000	528.900
1765.000	524.100
1766.000	521.100
1767.000	512.900
1768.000	496.800
1769.000	491.800
1770.000	485.800
1771.000	482.400
1772.000	480.600
1773.000	469.400
1774.000	465.600
1775.000	459.100
1776.000	452.100
1777.000	444.700
1778.000	428.600
1779.000	427.300
1780.000	425.700
1781.000	421.400
1782.000	413.200
1783.000	400.000
1784.000	396.900
1785.000	387.400
1786.000	378.300
1787.000	374.000
1788.000	358.600
1789.000	368.300
1790.000	368.500
1791.000	356.100
1792.000	339.000
1793.000	344.900
1794.000	339.800
1795.000	332.800
1796.000	329.200
1797.000	328.600
1798.000	320.000
1799.000	302.700
1800.000	301.700
1801.000	299.200
1802.000	289.500
1803.000	294.200
1804.000	284.200
1805.000	282.600
1806.000	280.800
1807.000	274.800
1808.000	268.200
1809.000	257.900
1810.000	252.300
1811.000	249.500
1812.000	247.700
1813.000	245.600
1814.000	241.900
1815.000	242.300
1816.000	239.500
1817.000	229.300
1818.000	215.400
1819.000	221.600
1820.000	224.400
1821.000	223.300
1822.000	216.700
1823.000	210.000
1824.000	213.800
1825.000	202.900
1826.000	195.000
1827.000	196.400
1828.000	197.100
1829.000	188.300
1830.000	184.800
1831.000	177.200
1832.000	172.200
1833.000	175.100
1834.000	179.600
1835.000	172.200
1836.000	169.200
1837.000	171.500
1838.000	168.000
1839.000	162.300
1840.000	157.800
1841.000	149.500
1842.000	156.400
1843.000	156.200
1844.000	159.000
1845.000	157.900
1846.000	146.600
1847.000	146.500
1848.000	144.100
1849.000	142.100
1850.000	139.700
1851.000	135.200
1852.000	127.800
1853.000	128.500
1854.000	137.200
1855.000	132.600
1856.000	128.700
1857.000	130.000
1858.000	130.200
1859.000	131.600
1860.000	123.600
1861.000	120.100
1862.000	116.300
1863.000	111.000
1864.000	106.100
1865.000	108.000
1866.000	116.400
1867.000	116.800
1868.000	114.600
1869.000	108.500
1870.000	97.300
1871.000	111.900
1872.000	107.200
1873.000	107.000
1874.000	106.600
1875.000	105.700
1876.000	105.300
1877.000	101.900
1878.000	101.100
1879.000	92.000
1880.000	92.300
1881.000	97.500
1882.000	96.400
1883.000	88.000
1884.000	85.100
1885.000	92.100
1886.000	96.200
1887.000	89.600
1888.000	79.100
1889.000	77.100
1890.000	83.600
1891.000	77.100
1892.000	75.900
1893.000	78.300
1894.000	79.000
1895.000	78.200
1896.000	82.300
1897.000	89.200
1898.000	78.500
1899.000	74.600
1900.000	78.200
1901.000	79.600
1902.000	74.600
1903.000	72.400
1904.000	70.200
1905.000	70.400
1906.000	66.600
1907.000	71.000
1908.000	74.600
1909.000	72.200
1910.000	74.500
1911.000	68.000
1912.000	62.800
1913.000	59.200
1914.000	59.100
1915.000	59.800
1916.000	61.200
1917.000	66.800
1918.000	67.500
1919.000	61.500
1920.000	64.200
1921.000	65.900
1922.000	62.300
1923.000	59.000
1924.000	60.000
1925.000	53.700
1926.000	53.200
1927.000	53.400
1928.000	55.100
1929.000	49.700
1930.000	47.500
1931.000	53.400
1932.000	53.800
1933.000	55.300
1934.000	56.800
1935.000	151.000
1936.000	243.700
1937.000	169.500
1938.000	55.900
1939.000	50.500
1940.000	44.400
1941.000	33.000
1942.000	41.300
1943.000	37.800
1944.000	41.000
1945.000	42.900
1946.000	42.300
1947.000	41.400
1948.000	35.600
1949.000	31.500
1950.000	40.200
1951.000	45.200
1952.000	43.900
1953.000	35.900
1954.000	33.700
1955.000	36.500
1956.000	34.700
1957.000	36.600
1958.000	39.700
1959.000	26.800
1960.000	25.600
1961.000	28.700
1962.000	33.100
1963.000	36.900
1964.000	37.600
1965.000	32.900
1966.000	27.000
1967.000	34.200
1968.000	37.700
1969.000	32.300
1970.000	35.900
1971.000	40.400
1972.000	41.700
1973.000	37.600
1974.000	30.700
1975.000	29.500
1976.000	34.500
1977.000	34.000
1978.000	37.800
1979.000	30.200
1980.000	28.900
1981.000	32.300
1982.000	34.800
1983.000	35.800
1984.000	35.200
1985.000	30.400
1986.000	37.800
1987.000	28.900
1988.000	31.200
1989.000	31.700
1990.000	30.700
1991.000	30.500
1992.000	30.800
1993.000	31.400
1994.000	33.100
1995.000	34.700
1996.000	33.300
1997.000	19.700
1998.000	32.500
1999.000	38.200
2000.000	38.000
