200.000	9673.600
201.000	9646.400
202.000	9624.300
203.000	9603.200
204.000	9589.800
205.000	9576.800
206.000	9578.300
207.000	9579.200
208.000	9554.100
209.000	9527.500
210.000	9515.900
211.000	9506.200
212.000	9492.100
213.000	9477.300
214.000	9460.400
215.000	9442.700
216.000	9423.500
217.000	9403.400
218.000	9383.600
219.000	9364.300
220.000	9339.500
221.000	9308.000
222.000	9275.900
223.000	9241.900
224.000	9208.100
225.000	9175.300
226.000	9143.000
227.000	9113.200
228.000	9083.400
229.000	9051.900
230.000	9020.800
231.000	8992.400
232.000	8964.300
233.000	8917.100
234.000	8869.400
235.000	8825.700
236.000	8782.600
237.000	8739.100
238.000	8695.700
239.000	8661.000
240.000	8629.200
241.000	8577.200
242.000	8514.600
243.000	8476.100
244.000	8454.600
245.000	8426.700
246.000	8393.100
247.000	8361.900
248.000	8334.600
249.000	8305.300
250.000	8273.800
251.000	8247.000
252.000	8230.300
253.000	8219.000
254.000	8224.300
255.000	8224.100
256.000	8195.600
257.000	8169.500
258.000	8164.300
259.000	8158.900
260.000	8143.700
261.000	8128.600
262.000	8132.300
263.000	8136.800
264.000	8123.100
265.000	8107.700
266.000	8104.200
267.000	8102.900
268.000	8105.700
269.000	8109.800
270.000	8104.000
271.000	8094.900
272.000	8090.800
273.000	8089.700
274.000	8085.300
275.000	8078.200
276.000	8079.100
277.000	8086.500
278.000	8078.200
279.000	8052.300
280.000	8038.200
281.000	8040.400
282.000	8039.800
283.000	8034.300
284.000	8024.400
285.000	8004.600
286.000	7980.900
287.000	7945.800
288.000	7915.200
289.000	7902.300
290.000	7892.900
291.000	7903.100
292.000	7909.400
293.000	7879.500
294.000	7850.500
295.000	7835.600
296.000	7820.600
297.000	7815.500
298.000	7810.400
299.000	7801.800
300.000	7793.100
301.000	7784.500
302.000	7776.000
303.000	7761.800
304.000	7746.300
305.000	7727.800
306.000	7708.500
307.000	7725.500
308.000	7753.800
309.000	7750.700
310.000	7735.100
311.000	7744.000
312.000	7765.600
313.000	7755.400
314.000	7727.000
315.000	7732.000
316.000	7760.700
317.000	7775.000
318.000	7777.400
319.000	7791.500
320.000	7816.700
321.000	7839.600
322.000	7859.100
323.000	7878.900
324.000	7899.100
325.000	7916.600
326.000	7929.700
327.000	7945.200
328.000	7965.200
329.000	7988.800
330.000	8019.400
331.000	8044.400
332.000	8055.200
333.000	8071.000
334.000	8101.000
335.000	8129.300
336.000	8151.700
337.000	8174.200
338.000	8195.900
339.000	8217.200
340.000	8236.400
341.000	8257.300
342.000	8291.100
343.000	8323.000
344.000	8338.500
345.000	8353.000
346.000	8356.100
347.000	8360.600
348.000	8383.500
349.000	8406.600
350.000	8431.700
351.000	8456.400
352.000	8470.400
353.000	8484.600
354.000	8488.400
355.000	8492.000
356.000	8493.500
357.000	8494.700
358.000	8502.200
359.000	8510.100
360.000	8538.900
361.000	8569.900
362.000	8592.400
363.000	8614.000
364.000	8619.800
365.000	8623.100
366.000	8636.500
367.000	8651.500
368.000	8697.100
369.000	8748.600
370.000	8746.400
371.000	8731.900
372.000	8748.000
373.000	8771.600
374.000	8787.500
375.000	8801.300
376.000	8802.900
377.000	8801.100
378.000	8830.800
379.000	8870.700
380.000	8887.200
381.000	8895.800
382.000	8921.700
383.000	8953.800
384.000	8975.200
385.000	8992.600
386.000	9002.100
387.000	9008.200
388.000	9006.100
389.000	9000.200
390.000	9009.800
391.000	9025.600
392.000	9047.300
393.000	9071.600
394.000	9099.300
395.000	9128.200
396.000	9152.700
397.000	9175.700
398.000	9181.600
399.000	9179.500
400.000	9200.200
401.000	9231.700
402.000	9252.100
403.000	9266.800
404.000	9272.600
405.000	9273.900
406.000	9275.600
407.000	9277.300
408.000	9292.600
409.000	9314.700
410.000	9312.900
411.000	9299.900
412.000	9301.400
413.000	9309.700
414.000	9310.200
415.000	9307.400
416.000	9311.500
417.000	9319.200
418.000	9320.600
419.000	9319.500
420.000	9308.600
421.000	9293.300
422.000	9291.000
423.000	9294.100
424.000	9294.800
425.000	9294.900
426.000	9275.100
427.000	9247.800
428.000	9236.600
429.000	9231.100
430.000	9224.200
431.000	9216.300
432.000	9196.700
433.000	9173.000
434.000	9164.900
435.000	9161.700
436.000	9167.600
437.000	9175.800
438.000	9172.700
439.000	9166.400
440.000	9156.000
441.000	9144.200
442.000	9136.300
443.000	9129.000
444.000	9112.100
445.000	9092.900
446.000	9091.200
447.000	9091.800
448.000	9068.900
449.000	9042.500
450.000	9033.500
451.000	9026.500
452.000	9020.100
453.000	9013.700
454.000	8997.800
455.000	8981.300
456.000	8988.600
457.000	8996.700
458.000	8970.500
459.000	8943.800
460.000	8936.400
461.000	8929.100
462.000	8919.300
463.000	8910.700
464.000	8910.400
465.000	8908.200
466.000	8890.500
467.000	8874.400
468.000	8872.400
469.000	8869.000
470.000	8856.500
471.000	8844.900
472.000	8838.900
473.000	8831.700
474.000	8819.400
475.000	8808.600
476.000	8802.700
477.000	8803.600
478.000	8822.800
479.000	8841.900
480.000	8860.600
481.000	8872.400
482.000	8870.100
483.000	8870.800
484.000	8875.700
485.000	8879.500
486.000	8881.800
487.000	8873.300
488.000	8850.900
489.000	8840.900
490.000	8844.300
491.000	8832.200
492.000	8806.900
493.000	8767.200
494.000	8717.100
495.000	8675.200
496.000	8639.000
497.000	8595.400
498.000	8547.700
499.000	8497.900
500.000	8447.000
501.000	8398.400
502.000	8350.600
503.000	8297.500
504.000	8242.700
505.000	8201.200
506.000	8162.400
507.000	8110.300
508.000	8056.300
509.000	8020.300
510.000	7986.300
511.000	7960.100
512.000	7933.800
513.000	7877.300
514.000	7822.500
515.000	7797.200
516.000	7769.600
517.000	7723.300
518.000	7678.700
519.000	7641.200
520.000	7605.500
521.000	7575.200
522.000	7545.500
523.000	7516.500
524.000	7489.300
525.000	7466.200
526.000	7445.300
527.000	7428.000
528.000	7407.100
529.000	7382.000
530.000	7356.000
531.000	7329.800
532.000	7307.000
533.000	7287.400
534.000	7269.700
535.000	7253.600
536.000	7237.500
537.000	7221.400
538.000	7212.900
539.000	7206.900
540.000	7197.300
541.000	7187.100
542.000	7167.300
543.000	7146.000
544.000	7131.900
545.000	7118.500
546.000	7106.400
547.000	7094.100
548.000	7077.600
549.000	7061.800
550.000	7050.800
551.000	7038.700
552.000	7022.000
553.000	7005.600
554.000	6991.100
555.000	6977.300
556.000	6965.000
557.000	6948.200
558.000	6924.500
559.000	6912.400
560.000	6914.600
561.000	6906.700
562.000	6890.100
563.000	6872.300
564.000	6852.800
565.000	6845.000
566.000	6842.600
567.000	6824.100
568.000	6800.500
569.000	6789.600
570.000	6781.600
571.000	6761.700
572.000	6740.600
573.000	6717.600
574.000	6696.700
575.000	6710.200
576.000	6719.200
577.000	6699.500
578.000	6682.300
579.000	6673.500
580.000	6664.900
581.000	6655.800
582.000	6652.600
583.000	6657.600
584.000	6648.300
585.000	6622.000
586.000	6614.700
587.000	6622.800
588.000	6602.700
589.000	6566.500
590.000	6554.700
591.000	6552.400
592.000	6544.100
593.000	6534.000
594.000	6537.700
595.000	6542.900
596.000	6528.100
597.000	6513.700
598.000	6511.600
599.000	6507.500
600.000	6494.200
601.000	6483.000
602.000	6478.600
603.000	6478.100
604.000	6485.600
605.000	6477.600
606.000	6450.000
607.000	6436.600
608.000	6435.700
609.000	6420.300
610.000	6396.600
611.000	6377.700
612.000	6360.800
613.000	6339.600
614.000	6317.600
615.000	6307.400
616.000	6298.700
617.000	6271.700
618.000	6247.600
619.000	6244.800
620.000	6240.500
621.000	6229.000
622.000	6214.600
623.000	6193.300
624.000	6179.100
625.000	6174.900
626.000	6167.600
627.000	6157.100
628.000	6140.000
629.000	6119.000
630.000	6109.200
631.000	6103.900
632.000	6097.700
633.000	6090.900
634.000	6073.200
635.000	6055.800
636.000	6067.900
637.000	6074.800
638.000	6050.500
639.000	6032.100
640.000	6029.900
641.000	6025.500
642.000	6016.400
643.000	6017.700
644.000	6031.100
645.000	6027.500
646.000	6012.100
647.000	6017.900
648.000	6033.200
649.000	6015.100
650.000	5989.200
651.000	5978.400
652.000	5968.800
653.000	5965.900
654.000	5961.100
655.000	5947.900
656.000	5932.200
657.000	5909.600
658.000	5888.200
659.000	5868.100
660.000	5849.500
661.000	5832.600
662.000	5799.600
663.000	5757.500
664.000	5749.600
665.000	5752.800
666.000	5715.900
667.000	5673.200
668.000	5662.600
669.000	5649.500
670.000	5619.000
671.000	5588.400
672.000	5558.600
673.000	5534.600
674.000	5520.700
675.000	5511.100
676.000	5505.300
677.000	5499.800
678.000	5494.300
679.000	5476.300
680.000	5453.700
681.000	5434.600
682.000	5415.900
683.000	5395.200
684.000	5375.800
685.000	5362.300
686.000	5352.300
687.000	5352.400
688.000	5340.500
689.000	5310.800
690.000	5284.100
691.000	5260.300
692.000	5247.800
693.000	5240.800
694.000	5244.600
695.000	5251.000
696.000	5233.800
697.000	5214.000
698.000	5182.300
699.000	5154.200
700.000	5138.000
701.000	5129.200
702.000	5133.900
703.000	5126.000
704.000	5105.300
705.000	5088.600
706.000	5074.200
707.000	5056.800
708.000	5038.800
709.000	5020.000
710.000	5001.800
711.000	5002.000
712.000	4998.100
713.000	4979.300
714.000	4969.400
715.000	4975.300
716.000	4977.600
717.000	4976.100
718.000	4962.000
719.000	4940.700
720.000	4939.300
721.000	4943.200
722.000	4933.000
723.000	4922.900
724.000	4920.100
725.000	4911.100
726.000	4882.600
727.000	4863.500
728.000	4858.800
729.000	4857.300
730.000	4858.500
731.000	4846.900
732.000	4829.500
733.000	4810.500
734.000	4791.200
735.000	4805.200
736.000	4814.300
737.000	4798.800
738.000	4785.100
739.000	4775.600
740.000	4762.700
741.000	4746.600
742.000	4735.700
743.000	4728.100
744.000	4723.500
745.000	4719.700
746.000	4690.700
747.000	4663.500
748.000	4660.100
749.000	4657.600
750.000	4657.200
751.000	4645.200
752.000	4618.000
753.000	4602.600
754.000	4595.100
755.000	4594.300
756.000	4595.500
757.000	4595.100
758.000	4592.400
759.000	4572.000
760.000	4552.600
761.000	4536.200
762.000	4528.800
763.000	4533.100
764.000	4528.200
765.000	4517.700
766.000	4503.200
767.000	4488.100
768.000	4478.100
769.000	4467.900
770.000	4453.900
771.000	4443.400
772.000	4442.600
773.000	4452.300
774.000	4474.100
775.000	4461.400
776.000	4429.900
777.000	4418.400
778.000	4411.700
779.000	4412.400
780.000	4408.600
781.000	4382.800
782.000	4366.000
783.000	4364.700
784.000	4363.300
785.000	4361.700
786.000	4350.700
787.000	4335.800
788.000	4325.300
789.000	4314.800
790.000	4294.200
791.000	4276.900
792.000	4270.100
793.000	4255.300
794.000	4230.900
795.000	4211.000
796.000	4194.300
797.000	4194.800
798.000	4199.400
799.000	4178.400
800.000	4159.700
801.000	4152.700
802.000	4145.300
803.000	4137.200
804.000	4114.900
805.000	4081.000
806.000	4079.900
807.000	4089.600
808.000	4065.100
809.000	4040.700
810.000	4033.200
811.000	4025.800
812.000	4018.700
813.000	4002.100
814.000	3977.000
815.000	3964.400
816.000	3956.900
817.000	3943.100
818.000	3927.800
819.000	3904.800
820.000	3886.400
821.000	3878.200
822.000	3871.400
823.000	3866.100
824.000	3848.200
825.000	3824.600
826.000	3817.700
827.000	3812.100
828.000	3799.000
829.000	3781.300
830.000	3754.200
831.000	3742.800
832.000	3746.800
833.000	3748.600
834.000	3748.800
835.000	3719.600
836.000	3691.300
837.000	3689.500
838.000	3683.600
839.000	3668.900
840.000	3653.400
841.000	3637.200
842.000	3634.200
843.000	3636.000
844.000	3627.100
845.000	3615.700
846.000	3595.800
847.000	3576.100
848.000	3557.100
849.000	3542.800
850.000	3532.800
851.000	3515.500
852.000	3496.400
853.000	3492.500
854.000	3487.000
855.000	3475.800
856.000	3459.900
857.000	3438.400
858.000	3416.400
859.000	3394.200
860.000	3371.400
861.000	3349.000
862.000	3334.800
863.000	3323.000
864.000	3316.100
865.000	3316.200
866.000	3322.100
867.000	3305.400
868.000	3280.700
869.000	3263.800
870.000	3251.300
871.000	3256.400
872.000	3254.800
873.000	3243.900
874.000	3230.900
875.000	3216.800
876.000	3207.200
877.000	3198.300
878.000	3185.900
879.000	3168.600
880.000	3139.400
881.000	3127.700
882.000	3131.600
883.000	3130.100
884.000	3127.100
885.000	3121.400
886.000	3114.700
887.000	3104.200
888.000	3092.500
889.000	3079.000
890.000	3074.900
891.000	3075.200
892.000	3057.100
893.000	3039.900
894.000	3034.600
895.000	3030.300
896.000	3027.600
897.000	3016.300
898.000	3000.000
899.000	2993.300
900.000	2987.900
901.000	2978.700
902.000	2970.100
903.000	2961.700
904.000	2947.300
905.000	2928.700
906.000	2934.100
907.000	2943.900
908.000	2941.700
909.000	2943.600
910.000	2954.500
911.000	2964.500
912.000	2973.700
913.000	2994.000
914.000	3017.100
915.000	3031.600
916.000	3048.900
917.000	3072.300
918.000	3119.000
919.000	3187.400
920.000	3257.400
921.000	3328.500
922.000	3440.500
923.000	3552.000
924.000	3661.600
925.000	3751.300
926.000	3822.400
927.000	3835.000
928.000	3828.000
929.000	3729.600
930.000	3623.600
931.000	3496.300
932.000	3367.900
933.000	3239.200
934.000	3135.500
935.000	3040.400
936.000	2986.500
937.000	2933.600
938.000	2882.000
939.000	2835.300
940.000	2792.800
941.000	2757.800
942.000	2726.100
943.000	2718.700
944.000	2704.100
945.000	2674.800
946.000	2657.000
947.000	2647.100
948.000	2635.900
949.000	2624.300
950.000	2611.700
951.000	2600.100
952.000	2589.400
953.000	2587.200
954.000	2589.800
955.000	2580.700
956.000	2569.800
957.000	2557.400
958.000	2549.300
959.000	2546.600
960.000	2543.800
961.000	2540.400
962.000	2530.400
963.000	2520.700
964.000	2513.300
965.000	2509.200
966.000	2508.100
967.000	2494.000
968.000	2476.700
969.000	2474.700
970.000	2474.800
971.000	2478.900
972.000	2480.000
973.000	2478.700
974.000	2473.800
975.000	2467.700
976.000	2458.200
977.000	2450.600
978.000	2444.600
979.000	2443.500
980.000	2444.500
981.000	2437.700
982.000	2430.500
983.000	2422.600
984.000	2410.600
985.000	2395.700
986.000	2400.500
987.000	2406.900
988.000	2390.900
989.000	2382.100
990.000	2385.000
991.000	2375.100
992.000	2359.200
993.000	2355.700
994.000	2354.300
995.000	2358.400
996.000	2357.000
997.000	2350.700
998.000	2348.000
999.000	2346.700
1000.000	2349.300
1001.000	2345.200
1002.000	2331.300
1003.000	2322.400
1004.000	2316.000
1005.000	2332.000
1006.000	2339.100
1007.000	2319.900
1008.000	2307.200
1009.000	2299.400
1010.000	2305.200
1011.000	2312.500
1012.000	2317.000
1013.000	2308.200
1014.000	2282.700
1015.000	2281.100
1016.000	2287.400
1017.000	2285.200
1018.000	2284.400
1019.000	2285.900
1020.000	2283.300
1021.000	2278.700
1022.000	2275.400
1023.000	2268.800
1024.000	2249.900
1025.000	2241.800
1026.000	2243.700
1027.000	2253.300
1028.000	2261.400
1029.000	2252.300
1030.000	2244.900
1031.000	2239.700
1032.000	2242.700
1033.000	2247.800
1034.000	2249.400
1035.000	2245.800
1036.000	2234.100
1037.000	2233.300
1038.000	2238.000
1039.000	2233.200
1040.000	2230.700
1041.000	2234.500
1042.000	2237.800
1043.000	2240.800
1044.000	2240.600
1045.000	2239.600
1046.000	2238.300
1047.000	2233.100
1048.000	2223.900
1049.000	2229.300
1050.000	2233.900
1051.000	2223.100
1052.000	2219.200
1053.000	2223.500
1054.000	2209.200
1055.000	2192.000
1056.000	2189.100
1057.000	2191.000
1058.000	2199.500
1059.000	2205.500
1060.000	2210.000
1061.000	2207.000
1062.000	2202.100
1063.000	2194.600
1064.000	2190.200
1065.000	2187.400
1066.000	2185.000
1067.000	2183.600
1068.000	2184.900
1069.000	2185.200
1070.000	2185.600
1071.000	2183.200
1072.000	2179.400
1073.000	2172.600
1074.000	2162.800
1075.000	2151.300
1076.000	2162.600
1077.000	2165.700
1078.000	2151.200
1079.000	2144.100
1080.000	2141.000
1081.000	2139.300
1082.000	2141.600
1083.000	2152.300
1084.000	2146.600
1085.000	2131.000
1086.000	2129.700
1087.000	2128.500
1088.000	2127.100
1089.000	2129.600
1090.000	2134.200
1091.000	2122.800
1092.000	2114.700
1093.000	2114.500
1094.000	2111.200
1095.000	2106.400
1096.000	2096.900
1097.000	2087.800
1098.000	2079.400
1099.000	2081.300
1100.000	2087.900
1101.000	2089.800
1102.000	2090.000
1103.000	2086.900
1104.000	2070.800
1105.000	2050.600
1106.000	2060.100
1107.000	2064.800
1108.000	2062.400
1109.000	2056.400
1110.000	2049.400
1111.000	2043.700
1112.000	2046.900
1113.000	2062.000
1114.000	2066.100
1115.000	2065.900
1116.000	2057.200
1117.000	2049.700
1118.000	2043.900
1119.000	2043.000
1120.000	2041.400
1121.000	2032.700
1122.000	2031.200
1123.000	2035.700
1124.000	2039.700
1125.000	2041.000
1126.000	2034.500
1127.000	2033.300
1128.000	2035.500
1129.000	2021.400
1130.000	2014.600
1131.000	2024.100
1132.000	2023.200
1133.000	2018.000
1134.000	2025.500
1135.000	2029.300
1136.000	2026.800
1137.000	2022.800
1138.000	2019.700
1139.000	2028.900
1140.000	2027.900
1141.000	2016.200
1142.000	2005.400
1143.000	1997.900
1144.000	2001.500
1145.000	2004.000
1146.000	2005.600
1147.000	2007.300
1148.000	2006.300
1149.000	1999.200
1150.000	1998.100
1151.000	1999.900
1152.000	1991.100
1153.000	1985.400
1154.000	1985.100
1155.000	1977.500
1156.000	1970.800
1157.000	1980.500
1158.000	1979.700
1159.000	1970.000
1160.000	1968.800
1161.000	1967.700
1162.000	1964.000
1163.000	1970.600
1164.000	1982.200
1165.000	1959.200
1166.000	1946.200
1167.000	1947.200
1168.000	1950.200
1169.000	1951.600
1170.000	1943.400
1171.000	1945.700
1172.000	1957.700
1173.000	1948.800
1174.000	1941.500
1175.000	1942.100
1176.000	1943.300
1177.000	1944.500
1178.000	1930.700
1179.000	1927.100
1180.000	1936.900
1181.000	1923.800
1182.000	1911.100
1183.000	1917.000
1184.000	1921.200
1185.000	1924.300
1186.000	1917.800
1187.000	1915.500
1188.000	1919.600
1189.000	1917.700
1190.000	1913.900
1191.000	1910.400
1192.000	1912.800
1193.000	1920.500
1194.000	1916.000
1195.000	1909.300
1196.000	1900.300
1197.000	1895.500
1198.000	1894.400
1199.000	1912.200
1200.000	1911.000
1201.000	1891.700
1202.000	1888.000
1203.000	1886.800
1204.000	1888.200
1205.000	1888.600
1206.000	1888.900
1207.000	1884.700
1208.000	1884.000
1209.000	1886.900
1210.000	1886.200
1211.000	1887.500
1212.000	1894.000
1213.000	1888.100
1214.000	1878.300
1215.000	1878.200
1216.000	1880.700
1217.000	1884.500
1218.000	1877.300
1219.000	1872.100
1220.000	1873.500
1221.000	1867.000
1222.000	1860.500
1223.000	1869.600
1224.000	1889.500
1225.000	1917.800
1226.000	1911.500
1227.000	1903.800
1228.000	1896.400
1229.000	1894.600
1230.000	1891.700
1231.000	1876.200
1232.000	1876.500
1233.000	1887.100
1234.000	1901.200
1235.000	1896.400
1236.000	1867.400
1237.000	1853.300
1238.000	1844.400
1239.000	1842.500
1240.000	1834.500
1241.000	1825.600
1242.000	1837.500
1243.000	1843.600
1244.000	1844.000
1245.000	1842.400
1246.000	1838.100
1247.000	1828.400
1248.000	1832.700
1249.000	1838.900
1250.000	1834.600
1251.000	1833.200
1252.000	1833.800
1253.000	1833.800
1254.000	1830.200
1255.000	1822.500
1256.000	1819.300
1257.000	1818.700
1258.000	1822.600
1259.000	1816.000
1260.000	1807.300
1261.000	1804.400
1262.000	1808.900
1263.000	1816.800
1264.000	1798.100
1265.000	1788.000
1266.000	1788.400
1267.000	1797.000
1268.000	1800.100
1269.000	1791.300
1270.000	1790.700
1271.000	1790.800
1272.000	1782.300
1273.000	1779.200
1274.000	1778.600
1275.000	1772.500
1276.000	1774.000
1277.000	1783.100
1278.000	1765.700
1279.000	1755.800
1280.000	1760.400
1281.000	1759.100
1282.000	1758.000
1283.000	1759.800
1284.000	1758.600
1285.000	1755.100
1286.000	1748.100
1287.000	1756.100
1288.000	1773.200
1289.000	1757.700
1290.000	1738.000
1291.000	1714.600
1292.000	1717.200
1293.000	1720.000
1294.000	1720.500
1295.000	1703.200
1296.000	1691.700
1297.000	1705.900
1298.000	1701.000
1299.000	1690.200
1300.000	1684.300
1301.000	1687.900
1302.000	1696.600
1303.000	1700.200
1304.000	1699.000
1305.000	1693.100
1306.000	1696.200
1307.000	1693.600
1308.000	1683.400
1309.000	1692.700
1310.000	1691.500
1311.000	1666.600
1312.000	1671.600
1313.000	1680.100
1314.000	1679.100
1315.000	1664.300
1316.000	1651.300
1317.000	1670.100
1318.000	1663.000
1319.000	1646.000
1320.000	1659.000
1321.000	1658.800
1322.000	1648.600
1323.000	1642.100
1324.000	1642.900
1325.000	1651.600
1326.000	1652.900
1327.000	1651.200
1328.000	1646.300
1329.000	1643.900
1330.000	1642.200
1331.000	1640.400
1332.000	1635.100
1333.000	1631.500
1334.000	1633.300
1335.000	1644.300
1336.000	1653.600
1337.000	1648.900
1338.000	1650.600
1339.000	1655.000
1340.000	1661.500
1341.000	1682.100
1342.000	1705.600
1343.000	1702.500
1344.000	1715.400
1345.000	1737.200
1346.000	1748.900
1347.000	1754.200
1348.000	1754.300
1349.000	1741.800
1350.000	1725.500
1351.000	1705.400
1352.000	1688.500
1353.000	1672.800
1354.000	1658.800
1355.000	1649.400
1356.000	1640.700
1357.000	1632.700
1358.000	1628.400
1359.000	1626.500
1360.000	1627.700
1361.000	1617.100
1362.000	1609.100
1363.000	1606.800
1364.000	1605.700
1365.000	1603.700
1366.000	1600.000
1367.000	1604.100
1368.000	1601.100
1369.000	1582.000
1370.000	1589.500
1371.000	1594.300
1372.000	1582.600
1373.000	1584.100
1374.000	1585.600
1375.000	1580.900
1376.000	1588.500
1377.000	1594.700
1378.000	1590.600
1379.000	1597.800
1380.000	1605.400
1381.000	1607.000
1382.000	1611.700
1383.000	1613.700
1384.000	1607.000
1385.000	1606.100
1386.000	1606.700
1387.000	1606.900
1388.000	1614.300
1389.000	1620.900
1390.000	1620.900
1391.000	1632.900
1392.000	1645.000
1393.000	1649.800
1394.000	1648.200
1395.000	1650.500
1396.000	1666.900
1397.000	1669.500
1398.000	1670.300
1399.000	1674.300
1400.000	1687.300
1401.000	1700.400
1402.000	1710.400
1403.000	1721.800
1404.000	1736.300
1405.000	1755.700
1406.000	1779.200
1407.000	1797.600
1408.000	1806.500
1409.000	1816.800
1410.000	1830.100
1411.000	1847.400
1412.000	1854.000
1413.000	1856.300
1414.000	1854.600
1415.000	1858.000
1416.000	1863.300
1417.000	1870.600
1418.000	1848.900
1419.000	1831.700
1420.000	1819.500
1421.000	1796.900
1422.000	1778.400
1423.000	1762.500
1424.000	1741.000
1425.000	1723.500
1426.000	1709.300
1427.000	1696.700
1428.000	1678.800
1429.000	1661.400
1430.000	1664.700
1431.000	1647.800
1432.000	1627.600
1433.000	1629.700
1434.000	1609.800
1435.000	1587.900
1436.000	1580.200
1437.000	1566.100
1438.000	1556.400
1439.000	1558.500
1440.000	1552.500
1441.000	1540.300
1442.000	1520.300
1443.000	1526.900
1444.000	1530.900
1445.000	1529.700
1446.000	1517.700
1447.000	1506.500
1448.000	1496.800
1449.000	1499.700
1450.000	1492.900
1451.000	1480.400
1452.000	1474.200
1453.000	1474.800
1454.000	1477.800
1455.000	1478.200
1456.000	1472.500
1457.000	1467.300
1458.000	1467.800
1459.000	1470.200
1460.000	1470.600
1461.000	1467.200
1462.000	1465.500
1463.000	1459.600
1464.000	1449.200
1465.000	1451.800
1466.000	1454.100
1467.000	1455.000
1468.000	1445.700
1469.000	1431.200
1470.000	1422.000
1471.000	1444.400
1472.000	1441.200
1473.000	1434.400
1474.000	1435.700
1475.000	1436.700
1476.000	1439.300
1477.000	1443.900
1478.000	1434.400
1479.000	1422.200
1480.000	1410.900
1481.000	1429.200
1482.000	1432.000
1483.000	1427.600
1484.000	1425.700
1485.000	1427.100
1486.000	1431.900
1487.000	1441.900
1488.000	1425.500
1489.000	1418.100
1490.000	1425.600
1491.000	1425.500
1492.000	1419.900
1493.000	1412.500
1494.000	1419.100
1495.000	1423.800
1496.000	1427.800
1497.000	1431.500
1498.000	1425.000
1499.000	1419.900
1500.000	1421.200
1501.000	1417.900
1502.000	1418.500
1503.000	1421.900
1504.000	1423.400
1505.000	1426.700
1506.000	1428.700
1507.000	1424.800
1508.000	1427.400
1509.000	1434.700
1510.000	1447.600
1511.000	1433.900
1512.000	1433.000
1513.000	1443.500
1514.000	1449.400
1515.000	1446.600
1516.000	1444.000
1517.000	1453.800
1518.000	1459.000
1519.000	1464.800
1520.000	1473.300
1521.000	1448.100
1522.000	1449.200
1523.000	1466.100
1524.000	1463.400
1525.000	1471.200
1526.000	1476.800
1527.000	1469.300
1528.000	1481.400
1529.000	1488.500
1530.000	1488.000
1531.000	1488.300
1532.000	1485.000
1533.000	1483.300
1534.000	1491.900
1535.000	1504.300
1536.000	1514.700
1537.000	1521.700
1538.000	1522.800
1539.000	1522.100
1540.000	1523.500
1541.000	1538.300
1542.000	1551.400
1543.000	1553.100
1544.000	1537.600
1545.000	1547.600
1546.000	1565.700
1547.000	1583.700
1548.000	1575.400
1549.000	1584.700
1550.000	1596.700
1551.000	1604.000
1552.000	1618.500
1553.000	1626.800
1554.000	1630.400
1555.000	1636.200
1556.000	1646.400
1557.000	1653.400
1558.000	1653.300
1559.000	1662.400
1560.000	1668.900
1561.000	1674.100
1562.000	1684.400
1563.000	1699.500
1564.000	1711.800
1565.000	1717.600
1566.000	1720.800
1567.000	1728.800
1568.000	1738.400
1569.000	1744.100
1570.000	1756.600
1571.000	1770.000
1572.000	1782.900
1573.000	1806.900
1574.000	1814.400
1575.000	1813.700
1576.000	1815.400
1577.000	1813.700
1578.000	1827.000
1579.000	1853.700
1580.000	1865.200
1581.000	1877.700
1582.000	1890.600
1583.000	1903.100
1584.000	1907.800
1585.000	1918.200
1586.000	1933.500
1587.000	1954.300
1588.000	1972.500
1589.000	1985.600
1590.000	1993.300
1591.000	2011.300
1592.000	2033.500
1593.000	2051.200
1594.000	2055.800
1595.000	2077.600
1596.000	2095.900
1597.000	2108.000
1598.000	2110.300
1599.000	2125.800
1600.000	2150.300
1601.000	2179.300
1602.000	2185.100
1603.000	2208.000
1604.000	2230.400
1605.000	2239.000
1606.000	2256.900
1607.000	2272.200
1608.000	2289.300
1609.000	2317.500
1610.000	2341.100
1611.000	2359.200
1612.000	2375.300
1613.000	2402.600
1614.000	2412.800
1615.000	2421.000
1616.000	2433.800
1617.000	2464.000
1618.000	2472.700
1619.000	2478.700
1620.000	2495.700
1621.000	2508.100
1622.000	2523.900
1623.000	2536.800
1624.000	2536.900
1625.000	2566.800
1626.000	2577.700
1627.000	2574.700
1628.000	2581.600
1629.000	2569.900
1630.000	2576.800
1631.000	2602.300
1632.000	2613.400
1633.000	2614.700
1634.000	2610.800
1635.000	2604.700
1636.000	2609.100
1637.000	2606.500
1638.000	2608.400
1639.000	2617.800
1640.000	2611.200
1641.000	2604.400
1642.000	2595.500
1643.000	2583.700
1644.000	2574.800
1645.000	2567.100
1646.000	2562.000
1647.000	2560.200
1648.000	2552.800
1649.000	2538.800
1650.000	2522.800
1651.000	2509.100
1652.000	2499.200
1653.000	2495.000
1654.000	2486.600
1655.000	2461.100
1656.000	2449.800
1657.000	2422.800
1658.000	2395.400
1659.000	2388.000
1660.000	2363.400
1661.000	2344.800
1662.000	2328.000
1663.000	2305.100
1664.000	2272.100
1665.000	2250.100
1666.000	2229.900
1667.000	2198.600
1668.000	2185.000
1669.000	2152.700
1670.000	2117.900
1671.000	2099.100
1672.000	2069.800
1673.000	2033.700
1674.000	1999.700
1675.000	1976.500
1676.000	1953.700
1677.000	1931.500
1678.000	1908.300
1679.000	1883.600
1680.000	1866.400
1681.000	1839.400
1682.000	1808.900
1683.000	1780.600
1684.000	1767.800
1685.000	1737.000
1686.000	1704.400
1687.000	1677.300
1688.000	1657.800
1689.000	1633.100
1690.000	1610.900
1691.000	1590.200
1692.000	1562.800
1693.000	1531.700
1694.000	1502.800
1695.000	1475.700
1696.000	1449.700
1697.000	1446.900
1698.000	1419.700
1699.000	1393.400
1700.000	1391.000
1701.000	1354.600
1702.000	1331.500
1703.000	1307.100
1704.000	1275.800
1705.000	1256.500
1706.000	1236.700
1707.000	1218.600
1708.000	1199.700
1709.000	1172.400
1710.000	1165.800
1711.000	1149.800
1712.000	1128.500
1713.000	1111.200
1714.000	1103.200
1715.000	1081.200
1716.000	1060.500
1717.000	1048.700
1718.000	1034.500
1719.000	1023.900
1720.000	1007.200
1721.000	984.500
1722.000	961.600
1723.000	953.900
1724.000	941.800
1725.000	927.700
1726.000	914.200
1727.000	894.800
1728.000	878.300
1729.000	868.200
1730.000	862.400
1731.000	851.500
1732.000	836.800
1733.000	826.400
1734.000	815.800
1735.000	799.100
1736.000	782.500
1737.000	781.300
1738.000	771.700
1739.000	751.900
1740.000	741.900
1741.000	731.300
1742.000	722.200
1743.000	714.100
1744.000	705.500
1745.000	693.200
1746.000	690.700
1747.000	678.300
1748.000	660.800
1749.000	655.800
1750.000	644.400
1751.000	635.600
1752.000	627.300
1753.000	618.100
1754.000	604.800
1755.000	604.100
1756.000	594.800
1757.000	581.400
1758.000	572.300
1759.000	567.100
1760.000	556.700
1761.000	549.700
1762.000	545.500
1763.000	540.600
1764.000	529.100
1765.000	515.800
1766.000	513.000
1767.000	516.600
1768.000	505.400
1769.000	492.200
1770.000	477.100
1771.000	470.600
1772.000	473.600
1773.000	468.100
1774.000	458.000
1775.000	449.300
1776.000	446.500
1777.000	447.100
1778.000	430.000
1779.000	426.700
1780.000	419.900
1781.000	412.300
1782.000	407.700
1783.000	402.900
1784.000	390.600
1785.000	389.900
1786.000	392.000
1787.000	387.100
1788.000	376.100
1789.000	362.600
1790.000	359.200
1791.000	360.100
1792.000	356.700
1793.000	343.900
1794.000	337.200
1795.000	332.000
1796.000	327.600
1797.000	321.600
1798.000	303.100
1799.000	311.000
1800.000	306.600
1801.000	299.000
1802.000	294.800
1803.000	285.600
1804.000	284.700
1805.000	278.900
1806.000	275.200
1807.000	274.200
1808.000	269.500
1809.000	263.000
1810.000	256.800
1811.000	252.200
1812.000	249.300
1813.000	246.900
1814.000	242.900
1815.000	240.200
1816.000	237.200
1817.000	232.200
1818.000	225.300
1819.000	219.400
1820.000	219.900
1821.000	217.600
1822.000	213.900
1823.000	210.000
1824.000	207.800
1825.000	201.700
1826.000	204.000
1827.000	199.500
1828.000	190.600
1829.000	185.600
1830.000	184.600
1831.000	186.200
1832.000	186.100
1833.000	186.900
1834.000	185.100
1835.000	171.800
1836.000	172.700
1837.000	174.500
1838.000	172.700
1839.000	168.500
1840.000	163.800
1841.000	160.500
1842.000	166.500
1843.000	158.800
1844.000	150.000
1845.000	146.300
1846.000	147.900
1847.000	146.300
1848.000	147.600
1849.000	145.000
1850.000	140.700
1851.000	135.400
1852.000	129.500
1853.000	127.300
1854.000	129.300
1855.000	127.800
1856.000	122.900
1857.000	120.700
1858.000	125.200
1859.000	118.100
1860.000	120.800
1861.000	118.800
1862.000	115.300
1863.000	113.500
1864.000	113.200
1865.000	111.700
1866.000	111.200
1867.000	109.900
1868.000	105.500
1869.000	101.800
1870.000	106.200
1871.000	107.000
1872.000	109.900
1873.000	100.700
1874.000	99.300
1875.000	99.900
1876.000	92.600
1877.000	96.200
1878.000	97.700
1879.000	89.500
1880.000	88.200
1881.000	90.700
1882.000	89.600
1883.000	84.600
1884.000	89.600
1885.000	91.800
1886.000	91.800
1887.000	87.600
1888.000	83.000
1889.000	81.700
1890.000	78.400
1891.000	82.700
1892.000	80.900
1893.000	84.300
1894.000	85.800
1895.000	83.800
1896.000	86.100
1897.000	72.300
1898.000	71.700
1899.000	73.500
1900.000	78.700
1901.000	83.900
1902.000	83.500
1903.000	72.400
1904.000	66.100
1905.000	70.300
1906.000	70.300
1907.000	71.900
1908.000	73.200
1909.000	72.400
1910.000	71.400
1911.000	76.500
1912.000	68.800
1913.000	61.500
1914.000	59.400
1915.000	62.500
1916.000	62.800
1917.000	55.300
1918.000	65.900
1919.000	62.500
1920.000	54.600
1921.000	56.500
1922.000	58.800
1923.000	55.600
1924.000	53.900
1925.000	61.600
1926.000	55.500
1927.000	51.500
1928.000	53.900
1929.000	56.000
1930.000	53.200
1931.000	49.600
1932.000	50.400
1933.000	47.200
1934.000	46.200
1935.000	48.700
1936.000	50.600
1937.000	49.300
1938.000	47.600
1939.000	46.500
1940.000	43.000
1941.000	48.300
1942.000	43.500
1943.000	37.600
1944.000	37.500
1945.000	39.200
1946.000	35.000
1947.000	31.300
1948.000	41.200
1949.000	41.800
1950.000	40.400
1951.000	40.400
1952.000	31.400
1953.000	32.800
1954.000	37.200
1955.000	38.000
1956.000	39.500
1957.000	37.300
1958.000	25.800
1959.000	35.500
1960.000	35.500
1961.000	36.800
1962.000	35.500
1963.000	35.500
1964.000	34.500
1965.000	29.400
1966.000	35.400
1967.000	32.400
1968.000	37.700
1969.000	28.200
1970.000	23.000
1971.000	23.600
1972.000	30.100
1973.000	33.400
1974.000	30.300
1975.000	36.100
1976.000	35.000
1977.000	29.500
1978.000	28.600
1979.000	31.300
1980.000	39.200
1981.000	37.600
1982.000	35.300
1983.000	35.200
1984.000	29.600
1985.000	31.900
1986.000	36.800
1987.000	21.700
1988.000	31.000
1989.000	37.200
1990.000	34.100
1991.000	34.100
1992.000	39.000
1993.000	40.100
1994.000	36.400
1995.000	38.400
1996.000	39.400
1997.000	41.600
1998.000	36.300
1999.000	21.300
2000.000	27.700
