200.000	9727.600
201.000	9703.500
202.000	9680.000
203.000	9658.300
204.000	9648.600
205.000	9639.300
206.000	9644.000
207.000	9648.600
208.000	9605.800
209.000	9561.600
210.000	9550.600
211.000	9544.300
212.000	9548.100
213.000	9554.500
214.000	9542.800
215.000	9523.500
216.000	9503.700
217.000	9483.600
218.000	9458.400
219.000	9429.500
220.000	9404.600
221.000	9385.300
222.000	9356.500
223.000	9312.000
224.000	9269.800
225.000	9233.900
226.000	9201.700
227.000	9183.000
228.000	9161.100
229.000	9117.600
230.000	9074.700
231.000	9045.400
232.000	9016.100
233.000	8974.800
234.000	8933.300
235.000	8888.300
236.000	8842.800
237.000	8800.100
238.000	8758.400
239.000	8719.100
240.000	8680.800
241.000	8635.500
242.000	8586.300
243.000	8546.600
244.000	8513.600
245.000	8478.600
246.000	8442.000
247.000	8423.500
248.000	8427.400
249.000	8414.300
250.000	8373.500
251.000	8337.600
252.000	8313.600
253.000	8290.500
254.000	8271.200
255.000	8254.900
256.000	8254.400
257.000	8251.700
258.000	8229.100
259.000	8207.100
260.000	8196.400
261.000	8185.500
262.000	8180.800
263.000	8176.300
264.000	8186.500
265.000	8198.400
266.000	8192.100
267.000	8182.200
268.000	8181.100
269.000	8182.500
270.000	8179.100
271.000	8173.800
272.000	8176.200
273.000	8182.400
274.000	8171.200
275.000	8148.100
276.000	8135.500
277.000	8132.400
278.000	8116.600
279.000	8087.100
280.000	8074.500
281.000	8085.800
282.000	8091.100
283.000	8087.100
284.000	8083.100
285.000	8078.500
286.000	8069.700
287.000	8047.700
288.000	8026.600
289.000	8009.200
290.000	7991.400
291.000	7970.700
292.000	7951.200
293.000	7941.300
294.000	7931.800
295.000	7933.100
296.000	7934.300
297.000	7899.300
298.000	7863.800
299.000	7853.400
300.000	7844.200
301.000	7836.100
302.000	7828.200
303.000	7815.300
304.000	7801.100
305.000	7797.500
306.000	7796.100
307.000	7802.000
308.000	7810.400
309.000	7815.800
310.000	7820.400
311.000	7820.100
312.000	7817.300
313.000	7814.000
314.000	7810.700
315.000	7818.200
316.000	7833.900
317.000	7848.300
318.000	7861.500
319.000	7873.700
320.000	7885.200
321.000	7898.400
322.000	7912.700
323.000	7930.800
324.000	7953.400
325.000	7973.500
326.000	7990.300
327.000	8015.700
328.000	8056.700
329.000	8085.700
330.000	8089.700
331.000	8102.800
332.000	8136.900
333.000	8167.500
334.000	8187.300
335.000	8209.200
336.000	8237.800
337.000	8261.600
338.000	8264.800
339.000	8272.200
340.000	8302.800
341.000	8333.500
342.000	8365.300
343.000	8395.900
344.000	8415.400
345.000	8433.400
346.000	8429.800
347.000	8427.600
348.000	8449.200
349.000	8470.700
350.000	8490.500
351.000	8509.800
352.000	8532.900
353.000	8555.900
354.000	8557.100
355.000	8557.800
356.000	8570.200
357.000	8583.200
358.000	8582.800
359.000	8581.700
360.000	8599.900
361.000	8620.300
362.000	8646.800
363.000	8674.200
364.000	8682.000
365.000	8686.800
366.000	8695.700
367.000	8704.800
368.000	8735.800
369.000	8770.800
370.000	8794.400
371.000	8815.600
372.000	8834.900
373.000	8853.700
374.000	8861.100
375.000	8865.500
376.000	8881.100
377.000	8900.100
378.000	8925.900
379.000	8953.700
380.000	8963.100
381.000	8965.900
382.000	8974.200
383.000	8984.400
384.000	9010.000
385.000	9042.000
386.000	9052.700
387.000	9055.200
388.000	9063.500
389.000	9074.000
390.000	9084.200
391.000	9094.500
392.000	9111.800
393.000	9132.200
394.000	9159.300
395.000	9189.600
396.000	9206.100
397.000	9216.500
398.000	9226.800
399.000	9236.900
400.000	9256.000
401.000	9279.800
402.000	9286.500
403.000	9285.200
404.000	9301.000
405.000	9325.300
406.000	9325.900
407.000	9314.600
408.000	9335.100
409.000	9370.400
410.000	9376.000
411.000	9366.900
412.000	9365.600
413.000	9368.200
414.000	9368.600
415.000	9367.600
416.000	9371.600
417.000	9377.600
418.000	9380.400
419.000	9381.500
420.000	9372.600
421.000	9359.700
422.000	9350.300
423.000	9342.700
424.000	9337.300
425.000	9333.000
426.000	9327.100
427.000	9320.800
428.000	9304.900
429.000	9285.700
430.000	9284.900
431.000	9290.500
432.000	9261.700
433.000	9221.500
434.000	9226.700
435.000	9245.600
436.000	9238.600
437.000	9224.100
438.000	9207.600
439.000	9190.700
440.000	9182.200
441.000	9175.400
442.000	9170.200
443.000	9165.200
444.000	9153.600
445.000	9140.800
446.000	9131.800
447.000	9122.900
448.000	9106.100
449.000	9087.900
450.000	9086.100
451.000	9086.000
452.000	9078.100
453.000	9069.600
454.000	9030.100
455.000	8988.600
456.000	8994.300
457.000	9002.100
458.000	8994.200
459.000	8986.200
460.000	8983.300
461.000	8980.800
462.000	8978.900
463.000	8977.300
464.000	8978.500
465.000	8977.800
466.000	8957.600
467.000	8937.400
468.000	8918.000
469.000	8902.200
470.000	8909.000
471.000	8910.300
472.000	8887.400
473.000	8870.200
474.000	8875.000
475.000	8880.500
476.000	8889.400
477.000	8900.900
478.000	8920.200
479.000	8927.000
480.000	8905.200
481.000	8897.900
482.000	8918.600
483.000	8930.000
484.000	8927.000
485.000	8930.500
486.000	8944.300
487.000	8942.600
488.000	8922.300
489.000	8913.700
490.000	8918.200
491.000	8900.200
492.000	8862.400
493.000	8823.800
494.000	8784.200
495.000	8743.200
496.000	8701.400
497.000	8645.200
498.000	8580.800
499.000	8525.700
500.000	8474.600
501.000	8432.800
502.000	8394.700
503.000	8351.700
504.000	8307.600
505.000	8249.400
506.000	8188.000
507.000	8156.100
508.000	8128.400
509.000	8087.500
510.000	8045.500
511.000	8011.500
512.000	7977.900
513.000	7940.300
514.000	7902.400
515.000	7856.100
516.000	7807.800
517.000	7743.200
518.000	7688.400
519.000	7681.700
520.000	7669.800
521.000	7638.800
522.000	7605.700
523.000	7566.600
524.000	7532.200
525.000	7508.300
526.000	7485.800
527.000	7465.800
528.000	7437.500
529.000	7398.900
530.000	7371.300
531.000	7354.800
532.000	7341.000
533.000	7329.900
534.000	7320.000
535.000	7310.700
536.000	7297.700
537.000	7282.600
538.000	7266.900
539.000	7250.900
540.000	7242.900
541.000	7236.900
542.000	7225.800
543.000	7213.800
544.000	7191.600
545.000	7168.300
546.000	7142.900
547.000	7118.700
548.000	7115.600
549.000	7109.800
550.000	7086.100
551.000	7065.000
552.000	7055.600
553.000	7047.700
554.000	7046.200
555.000	7039.900
556.000	7024.300
557.000	6999.600
558.000	6960.900
559.000	6939.800
560.000	6939.500
561.000	6935.800
562.000	6929.400
563.000	6973.800
564.000	7051.100
565.000	7018.800
566.000	6935.500
567.000	6885.200
568.000	6845.000
569.000	6828.000
570.000	6815.200
571.000	6793.000
572.000	6769.900
573.000	6767.200
574.000	6765.500
575.000	6774.600
576.000	6779.000
577.000	6754.200
578.000	6731.300
579.000	6714.800
580.000	6703.300
581.000	6703.000
582.000	6702.000
583.000	6699.600
584.000	6684.800
585.000	6656.500
586.000	6640.500
587.000	6635.200
588.000	6638.200
589.000	6646.100
590.000	6631.400
591.000	6608.300
592.000	6598.700
593.000	6591.900
594.000	6585.100
595.000	6578.200
596.000	6575.200
597.000	6571.800
598.000	6559.500
599.000	6547.500
600.000	6537.900
601.000	6528.500
602.000	6519.200
603.000	6512.700
604.000	6511.000
605.000	6502.300
606.000	6483.800
607.000	6478.000
608.000	6483.800
609.000	6462.900
610.000	6425.400
611.000	6405.100
612.000	6391.800
613.000	6369.700
614.000	6345.500
615.000	6336.200
616.000	6328.300
617.000	6319.700
618.000	6309.700
619.000	6283.000
620.000	6263.000
621.000	6267.500
622.000	6264.300
623.000	6243.000
624.000	6226.800
625.000	6218.200
626.000	6205.000
627.000	6187.300
628.000	6172.300
629.000	6158.900
630.000	6148.100
631.000	6137.900
632.000	6130.300
633.000	6123.100
634.000	6107.400
635.000	6091.700
636.000	6095.400
637.000	6099.300
638.000	6105.900
639.000	6101.200
640.000	6064.000
641.000	6041.900
642.000	6045.700
643.000	6053.100
644.000	6064.300
645.000	6067.100
646.000	6064.400
647.000	6059.000
648.000	6052.300
649.000	6051.000
650.000	6051.000
651.000	6041.500
652.000	6031.800
653.000	6026.100
654.000	6019.700
655.000	6006.800
656.000	5984.400
657.000	5937.300
658.000	5905.000
659.000	5895.800
660.000	5879.000
661.000	5855.000
662.000	5829.900
663.000	5804.300
664.000	5789.000
665.000	5777.100
666.000	5751.900
667.000	5724.800
668.000	5691.600
669.000	5660.000
670.000	5638.900
671.000	5619.100
672.000	5603.600
673.000	5588.700
674.000	5574.300
675.000	5565.100
676.000	5561.500
677.000	5543.100
678.000	5516.100
679.000	5495.100
680.000	5476.300
681.000	5459.500
682.000	5443.400
683.000	5432.800
684.000	5421.500
685.000	5408.100
686.000	5394.000
687.000	5377.500
688.000	5359.500
689.000	5339.000
690.000	5320.300
691.000	5303.200
692.000	5293.400
693.000	5287.100
694.000	5280.300
695.000	5273.500
696.000	5247.300
697.000	5220.700
698.000	5205.500
699.000	5193.500
700.000	5192.100
701.000	5186.000
702.000	5171.000
703.000	5153.200
704.000	5132.300
705.000	5119.000
706.000	5110.200
707.000	5089.900
708.000	5066.000
709.000	5056.700
710.000	5048.900
711.000	5047.800
712.000	5043.400
713.000	5027.500
714.000	5017.300
715.000	5017.000
716.000	5017.600
717.000	5019.200
718.000	5008.100
719.000	4989.600
720.000	4982.800
721.000	4978.800
722.000	4955.900
723.000	4934.500
724.000	4940.600
725.000	4940.200
726.000	4918.800
727.000	4909.200
728.000	4918.300
729.000	4909.400
730.000	4885.600
731.000	4874.800
732.000	4869.500
733.000	4863.600
734.000	4857.200
735.000	4835.100
736.000	4816.700
737.000	4814.700
738.000	4808.500
739.000	4793.500
740.000	4783.300
741.000	4778.700
742.000	4765.000
743.000	4746.100
744.000	4742.100
745.000	4741.800
746.000	4722.100
747.000	4703.000
748.000	4696.000
749.000	4688.900
750.000	4680.700
751.000	4676.800
752.000	4678.100
753.000	4668.900
754.000	4652.800
755.000	4637.300
756.000	4622.200
757.000	4610.600
758.000	4598.800
759.000	4585.300
760.000	4575.900
761.000	4579.000
762.000	4577.400
763.000	4570.300
764.000	4553.600
765.000	4530.800
766.000	4525.100
767.000	4524.000
768.000	4520.800
769.000	4517.300
770.000	4511.300
771.000	4500.300
772.000	4477.100
773.000	4464.200
774.000	4462.500
775.000	4460.500
776.000	4458.700
777.000	4449.600
778.000	4439.200
779.000	4434.300
780.000	4429.700
781.000	4426.200
782.000	4424.300
783.000	4426.100
784.000	4413.700
785.000	4389.000
786.000	4366.400
787.000	4344.400
788.000	4349.200
789.000	4354.800
790.000	4328.800
791.000	4306.500
792.000	4294.800
793.000	4287.100
794.000	4284.200
795.000	4268.000
796.000	4243.500
797.000	4233.200
798.000	4226.000
799.000	4204.900
800.000	4186.200
801.000	4179.700
802.000	4173.900
803.000	4169.600
804.000	4156.500
805.000	4136.800
806.000	4132.600
807.000	4133.800
808.000	4100.000
809.000	4068.800
810.000	4069.700
811.000	4065.600
812.000	4051.600
813.000	4032.700
814.000	4009.700
815.000	4002.100
816.000	4000.900
817.000	3977.700
818.000	3953.300
819.000	3937.600
820.000	3921.000
821.000	3902.900
822.000	3893.400
823.000	3891.400
824.000	3876.400
825.000	3855.800
826.000	3841.800
827.000	3829.200
828.000	3821.900
829.000	3816.000
830.000	3812.900
831.000	3804.800
832.000	3791.900
833.000	3781.200
834.000	3772.000
835.000	3743.700
836.000	3719.200
837.000	3732.500
838.000	3734.100
839.000	3712.000
840.000	3689.900
841.000	3668.300
842.000	3661.900
843.000	3661.000
844.000	3646.800
845.000	3630.800
846.000	3611.800
847.000	3600.000
848.000	3600.700
849.000	3588.000
850.000	3565.400
851.000	3546.400
852.000	3528.100
853.000	3514.300
854.000	3498.700
855.000	3475.800
856.000	3463.300
857.000	3464.100
858.000	3455.500
859.000	3441.800
860.000	3408.900
861.000	3375.400
862.000	3367.700
863.000	3359.000
864.000	3347.900
865.000	3344.300
866.000	3346.900
867.000	3332.700
868.000	3312.600
869.000	3305.100
870.000	3296.100
871.000	3277.600
872.000	3265.700
873.000	3263.000
874.000	3249.200
875.000	3229.000
876.000	3223.800
877.000	3219.200
878.000	3192.500
879.000	3168.500
880.000	3150.800
881.000	3142.000
882.000	3141.100
883.000	3127.500
884.000	3110.400
885.000	3097.700
886.000	3086.500
887.000	3080.700
888.000	3073.300
889.000	3064.400
890.000	3058.900
891.000	3055.200
892.000	3049.700
893.000	3043.100
894.000	3033.200
895.000	3026.100
896.000	3023.700
897.000	3016.700
898.000	3007.300
899.000	2992.200
900.000	2977.300
901.000	2969.900
902.000	2965.500
903.000	2967.800
904.000	2966.300
905.000	2961.900
906.000	2971.100
907.000	2982.100
908.000	2975.300
909.000	2974.800
910.000	2989.500
911.000	2995.700
912.000	2994.700
913.000	3003.200
914.000	3014.500
915.000	3044.800
916.000	3075.600
917.000	3107.900
918.000	3151.900
919.000	3206.100
920.000	3290.300
921.000	3383.600
922.000	3497.600
923.000	3608.200
924.000	3708.000
925.000	3796.000
926.000	3873.000
927.000	3886.000
928.000	3878.000
929.000	3784.700
930.000	3679.400
931.000	3542.700
932.000	3413.400
933.000	3290.800
934.000	3175.500
935.000	3064.400
936.000	3010.400
937.000	2955.400
938.000	2898.500
939.000	2851.600
940.000	2813.500
941.000	2794.900
942.000	2779.300
943.000	2746.100
944.000	2719.500
945.000	2705.100
946.000	2685.000
947.000	2660.600
948.000	2646.300
949.000	2635.000
950.000	2633.700
951.000	2630.600
952.000	2624.600
953.000	2609.700
954.000	2589.700
955.000	2589.300
956.000	2587.500
957.000	2567.400
958.000	2556.800
959.000	2558.100
960.000	2555.400
961.000	2550.800
962.000	2545.600
963.000	2540.700
964.000	2538.300
965.000	2532.900
966.000	2524.300
967.000	2515.300
968.000	2506.700
969.000	2508.900
970.000	2508.600
971.000	2502.900
972.000	2504.200
973.000	2510.600
974.000	2505.600
975.000	2499.700
976.000	2497.200
977.000	2491.500
978.000	2481.600
979.000	2476.500
980.000	2473.400
981.000	2450.900
982.000	2435.400
983.000	2438.700
984.000	2438.600
985.000	2435.900
986.000	2423.700
987.000	2410.600
988.000	2408.500
989.000	2405.700
990.000	2401.900
991.000	2401.300
992.000	2402.200
993.000	2400.100
994.000	2398.100
995.000	2396.900
996.000	2389.700
997.000	2377.400
998.000	2381.400
999.000	2386.800
1000.000	2376.700
1001.000	2367.800
1002.000	2360.800
1003.000	2351.900
1004.000	2342.400
1005.000	2338.600
1006.000	2335.700
1007.000	2336.000
1008.000	2325.500
1009.000	2307.000
1010.000	2309.800
1011.000	2315.900
1012.000	2321.400
1013.000	2319.700
1014.000	2309.600
1015.000	2309.700
1016.000	2312.600
1017.000	2304.600
1018.000	2301.500
1019.000	2309.000
1020.000	2303.500
1021.000	2290.500
1022.000	2293.000
1023.000	2292.900
1024.000	2281.300
1025.000	2283.000
1026.000	2295.900
1027.000	2291.300
1028.000	2283.200
1029.000	2274.100
1030.000	2267.500
1031.000	2264.400
1032.000	2267.200
1033.000	2271.100
1034.000	2256.900
1035.000	2251.200
1036.000	2261.100
1037.000	2260.600
1038.000	2255.500
1039.000	2255.600
1040.000	2254.700
1041.000	2252.200
1042.000	2253.700
1043.000	2257.800
1044.000	2255.700
1045.000	2255.500
1046.000	2262.700
1047.000	2260.500
1048.000	2249.500
1049.000	2245.400
1050.000	2241.300
1051.000	2230.200
1052.000	2226.100
1053.000	2229.900
1054.000	2238.300
1055.000	2245.900
1056.000	2238.700
1057.000	2239.300
1058.000	2249.600
1059.000	2248.200
1060.000	2243.900
1061.000	2247.500
1062.000	2251.300
1063.000	2255.100
1064.000	2261.300
1065.000	2267.900
1066.000	2258.300
1067.000	2248.600
1068.000	2238.700
1069.000	2232.400
1070.000	2227.800
1071.000	2215.800
1072.000	2209.600
1073.000	2214.100
1074.000	2211.400
1075.000	2204.900
1076.000	2209.200
1077.000	2204.800
1078.000	2183.000
1079.000	2175.100
1080.000	2174.300
1081.000	2169.500
1082.000	2166.800
1083.000	2168.300
1084.000	2159.900
1085.000	2145.800
1086.000	2153.100
1087.000	2155.800
1088.000	2147.800
1089.000	2149.800
1090.000	2157.000
1091.000	2164.500
1092.000	2164.900
1093.000	2151.500
1094.000	2143.200
1095.000	2138.100
1096.000	2130.700
1097.000	2123.100
1098.000	2115.400
1099.000	2109.900
1100.000	2105.400
1101.000	2100.100
1102.000	2095.400
1103.000	2092.300
1104.000	2091.900
1105.000	2092.700
1106.000	2089.100
1107.000	2089.200
1108.000	2094.900
1109.000	2094.300
1110.000	2090.500
1111.000	2075.900
1112.000	2071.000
1113.000	2078.600
1114.000	2081.500
1115.000	2082.300
1116.000	2076.400
1117.000	2073.300
1118.000	2073.400
1119.000	2062.500
1120.000	2050.600
1121.000	2046.000
1122.000	2048.600
1123.000	2057.500
1124.000	2057.400
1125.000	2055.500
1126.000	2052.000
1127.000	2051.100
1128.000	2052.000
1129.000	2056.500
1130.000	2059.200
1131.000	2057.300
1132.000	2051.000
1133.000	2042.700
1134.000	2041.900
1135.000	2044.500
1136.000	2052.600
1137.000	2047.500
1138.000	2038.300
1139.000	2031.900
1140.000	2033.200
1141.000	2042.600
1142.000	2030.800
1143.000	2018.100
1144.000	2018.300
1145.000	2015.800
1146.000	2011.200
1147.000	2014.900
1148.000	2014.100
1149.000	2002.300
1150.000	2007.900
1151.000	2021.100
1152.000	2015.200
1153.000	2007.700
1154.000	1998.300
1155.000	1993.000
1156.000	1991.900
1157.000	2008.400
1158.000	2003.300
1159.000	1979.200
1160.000	1974.200
1161.000	1972.900
1162.000	1974.400
1163.000	1970.800
1164.000	1965.000
1165.000	1962.900
1166.000	1962.900
1167.000	1966.000
1168.000	1964.900
1169.000	1963.400
1170.000	1966.800
1171.000	1972.800
1172.000	1981.200
1173.000	1969.100
1174.000	1956.700
1175.000	1948.300
1176.000	1949.000
1177.000	1953.900
1178.000	1958.600
1179.000	1959.300
1180.000	1955.100
1181.000	1948.400
1182.000	1941.700
1183.000	1937.100
1184.000	1929.000
1185.000	1917.900
1186.000	1925.000
1187.000	1930.700
1188.000	1934.400
1189.000	1933.500
1190.000	1929.900
1191.000	1919.700
1192.000	1915.500
1193.000	1917.000
1194.000	1921.600
1195.000	1925.200
1196.000	1926.000
1197.000	1918.900
1198.000	1909.600
1199.000	1906.700
1200.000	1906.700
1201.000	1908.800
1202.000	1904.200
1203.000	1904.500
1204.000	1917.300
1205.000	1921.700
1206.000	1920.800
1207.000	1906.500
1208.000	1897.400
1209.000	1893.900
1210.000	1901.300
1211.000	1908.200
1212.000	1911.500
1213.000	1904.200
1214.000	1893.100
1215.000	1888.900
1216.000	1882.600
1217.000	1874.700
1218.000	1869.200
1219.000	1868.800
1220.000	1878.300
1221.000	1879.300
1222.000	1878.800
1223.000	1890.800
1224.000	1889.800
1225.000	1878.200
1226.000	1880.900
1227.000	1883.000
1228.000	1882.500
1229.000	1879.900
1230.000	1875.400
1231.000	1866.300
1232.000	1868.300
1233.000	1876.900
1234.000	1873.700
1235.000	1868.400
1236.000	1861.000
1237.000	1859.000
1238.000	1859.300
1239.000	1862.800
1240.000	1860.100
1241.000	1854.900
1242.000	1854.000
1243.000	1854.200
1244.000	1855.700
1245.000	1848.400
1246.000	1844.900
1247.000	1850.100
1248.000	1849.900
1249.000	1848.500
1250.000	1849.500
1251.000	1849.000
1252.000	1847.300
1253.000	1843.900
1254.000	1844.400
1255.000	1848.800
1256.000	1834.900
1257.000	1823.900
1258.000	1823.300
1259.000	1823.100
1260.000	1824.100
1261.000	1830.800
1262.000	1822.600
1263.000	1805.400
1264.000	1812.300
1265.000	1813.500
1266.000	1807.500
1267.000	1803.100
1268.000	1800.600
1269.000	1801.800
1270.000	1804.700
1271.000	1805.100
1272.000	1792.700
1273.000	1783.100
1274.000	1775.900
1275.000	1779.100
1276.000	1780.900
1277.000	1781.400
1278.000	1773.800
1279.000	1772.400
1280.000	1781.400
1281.000	1775.000
1282.000	1768.000
1283.000	1768.200
1284.000	1765.900
1285.000	1764.600
1286.000	1773.800
1287.000	1771.100
1288.000	1760.000
1289.000	1757.800
1290.000	1755.400
1291.000	1752.100
1292.000	1750.800
1293.000	1743.000
1294.000	1724.000
1295.000	1720.100
1296.000	1720.800
1297.000	1724.700
1298.000	1719.900
1299.000	1712.100
1300.000	1706.100
1301.000	1708.200
1302.000	1714.500
1303.000	1716.200
1304.000	1716.000
1305.000	1713.800
1306.000	1713.800
1307.000	1707.900
1308.000	1694.000
1309.000	1693.400
1310.000	1692.100
1311.000	1686.100
1312.000	1688.300
1313.000	1689.300
1314.000	1681.200
1315.000	1682.200
1316.000	1684.800
1317.000	1680.000
1318.000	1682.200
1319.000	1687.400
1320.000	1687.800
1321.000	1674.800
1322.000	1652.800
1323.000	1659.300
1324.000	1662.000
1325.000	1661.000
1326.000	1660.900
1327.000	1655.000
1328.000	1641.700
1329.000	1640.600
1330.000	1645.800
1331.000	1659.600
1332.000	1659.200
1333.000	1657.700
1334.000	1659.800
1335.000	1656.300
1336.000	1654.700
1337.000	1662.300
1338.000	1665.800
1339.000	1669.200
1340.000	1681.400
1341.000	1690.600
1342.000	1700.800
1343.000	1725.600
1344.000	1743.400
1345.000	1756.700
1346.000	1767.500
1347.000	1767.200
1348.000	1758.600
1349.000	1759.400
1350.000	1750.900
1351.000	1734.000
1352.000	1710.500
1353.000	1695.600
1354.000	1689.400
1355.000	1660.600
1356.000	1649.200
1357.000	1659.400
1358.000	1652.800
1359.000	1644.900
1360.000	1637.500
1361.000	1642.200
1362.000	1641.900
1363.000	1631.900
1364.000	1628.100
1365.000	1624.500
1366.000	1620.000
1367.000	1616.100
1368.000	1612.800
1369.000	1610.100
1370.000	1604.000
1371.000	1599.900
1372.000	1601.600
1373.000	1602.500
1374.000	1602.100
1375.000	1598.700
1376.000	1599.400
1377.000	1602.400
1378.000	1608.100
1379.000	1610.900
1380.000	1612.000
1381.000	1610.200
1382.000	1605.800
1383.000	1605.300
1384.000	1614.600
1385.000	1616.800
1386.000	1616.400
1387.000	1614.000
1388.000	1621.500
1389.000	1629.500
1390.000	1630.600
1391.000	1640.600
1392.000	1650.200
1393.000	1653.800
1394.000	1652.700
1395.000	1655.900
1396.000	1672.000
1397.000	1685.500
1398.000	1694.000
1399.000	1692.500
1400.000	1710.500
1401.000	1728.100
1402.000	1737.500
1403.000	1754.900
1404.000	1768.700
1405.000	1773.400
1406.000	1800.200
1407.000	1827.300
1408.000	1849.500
1409.000	1855.100
1410.000	1863.700
1411.000	1880.000
1412.000	1890.600
1413.000	1894.800
1414.000	1891.700
1415.000	1887.200
1416.000	1883.500
1417.000	1880.800
1418.000	1867.800
1419.000	1850.900
1420.000	1830.200
1421.000	1825.500
1422.000	1808.300
1423.000	1781.500
1424.000	1770.200
1425.000	1755.900
1426.000	1739.200
1427.000	1716.600
1428.000	1706.700
1429.000	1701.100
1430.000	1682.000
1431.000	1669.500
1432.000	1659.500
1433.000	1648.800
1434.000	1635.900
1435.000	1618.400
1436.000	1591.600
1437.000	1583.100
1438.000	1581.900
1439.000	1585.800
1440.000	1575.600
1441.000	1561.000
1442.000	1542.500
1443.000	1546.300
1444.000	1548.100
1445.000	1545.300
1446.000	1535.900
1447.000	1523.700
1448.000	1510.800
1449.000	1531.300
1450.000	1527.900
1451.000	1511.600
1452.000	1508.300
1453.000	1500.600
1454.000	1493.000
1455.000	1490.300
1456.000	1495.900
1457.000	1497.100
1458.000	1481.500
1459.000	1482.200
1460.000	1484.900
1461.000	1486.100
1462.000	1482.800
1463.000	1475.400
1464.000	1464.300
1465.000	1463.500
1466.000	1461.700
1467.000	1460.800
1468.000	1469.500
1469.000	1464.100
1470.000	1454.700
1471.000	1456.300
1472.000	1451.400
1473.000	1445.400
1474.000	1440.900
1475.000	1440.900
1476.000	1446.200
1477.000	1457.900
1478.000	1455.900
1479.000	1439.900
1480.000	1415.800
1481.000	1432.100
1482.000	1436.100
1483.000	1434.700
1484.000	1437.300
1485.000	1439.500
1486.000	1441.200
1487.000	1443.500
1488.000	1443.600
1489.000	1439.900
1490.000	1431.300
1491.000	1439.300
1492.000	1441.100
1493.000	1438.200
1494.000	1436.300
1495.000	1440.800
1496.000	1443.500
1497.000	1432.800
1498.000	1429.200
1499.000	1431.400
1500.000	1440.700
1501.000	1439.100
1502.000	1439.500
1503.000	1442.500
1504.000	1447.400
1505.000	1448.100
1506.000	1443.800
1507.000	1429.500
1508.000	1436.700
1509.000	1448.000
1510.000	1457.700
1511.000	1452.300
1512.000	1452.900
1513.000	1458.400
1514.000	1456.800
1515.000	1456.900
1516.000	1459.600
1517.000	1467.500
1518.000	1470.800
1519.000	1476.900
1520.000	1488.100
1521.000	1489.800
1522.000	1482.000
1523.000	1471.300
1524.000	1483.600
1525.000	1482.400
1526.000	1477.400
1527.000	1474.000
1528.000	1479.900
1529.000	1496.500
1530.000	1520.000
1531.000	1503.700
1532.000	1500.000
1533.000	1503.500
1534.000	1510.000
1535.000	1520.300
1536.000	1527.300
1537.000	1528.800
1538.000	1530.400
1539.000	1533.700
1540.000	1537.600
1541.000	1537.500
1542.000	1554.300
1543.000	1566.400
1544.000	1564.200
1545.000	1570.300
1546.000	1579.100
1547.000	1588.000
1548.000	1591.400
1549.000	1595.200
1550.000	1600.200
1551.000	1607.800
1552.000	1626.000
1553.000	1632.900
1554.000	1634.400
1555.000	1654.800
1556.000	1664.000
1557.000	1668.400
1558.000	1671.200
1559.000	1675.600
1560.000	1683.800
1561.000	1694.800
1562.000	1706.800
1563.000	1707.800
1564.000	1706.900
1565.000	1707.400
1566.000	1721.800
1567.000	1739.100
1568.000	1756.300
1569.000	1764.400
1570.000	1768.400
1571.000	1781.800
1572.000	1808.300
1573.000	1821.400
1574.000	1824.000
1575.000	1824.700
1576.000	1833.800
1577.000	1844.300
1578.000	1852.800
1579.000	1860.300
1580.000	1878.100
1581.000	1888.600
1582.000	1899.900
1583.000	1918.000
1584.000	1926.500
1585.000	1947.700
1586.000	1972.500
1587.000	1975.600
1588.000	1987.300
1589.000	1999.900
1590.000	2010.100
1591.000	2007.700
1592.000	2030.400
1593.000	2057.300
1594.000	2070.600
1595.000	2091.000
1596.000	2106.000
1597.000	2116.200
1598.000	2124.300
1599.000	2155.100
1600.000	2184.600
1601.000	2205.200
1602.000	2209.000
1603.000	2222.800
1604.000	2241.100
1605.000	2261.000
1606.000	2282.300
1607.000	2294.300
1608.000	2303.700
1609.000	2322.700
1610.000	2350.100
1611.000	2374.900
1612.000	2396.300
1613.000	2419.000
1614.000	2438.700
1615.000	2446.800
1616.000	2444.200
1617.000	2488.000
1618.000	2504.900
1619.000	2512.200
1620.000	2523.300
1621.000	2538.600
1622.000	2550.400
1623.000	2559.400
1624.000	2566.200
1625.000	2581.300
1626.000	2588.500
1627.000	2589.700
1628.000	2593.400
1629.000	2605.900
1630.000	2615.800
1631.000	2620.500
1632.000	2619.100
1633.000	2625.300
1634.000	2626.300
1635.000	2620.400
1636.000	2630.800
1637.000	2642.200
1638.000	2645.200
1639.000	2635.200
1640.000	2616.200
1641.000	2611.900
1642.000	2607.300
1643.000	2592.200
1644.000	2608.600
1645.000	2604.000
1646.000	2589.900
1647.000	2577.900
1648.000	2563.900
1649.000	2554.400
1650.000	2548.300
1651.000	2543.200
1652.000	2518.900
1653.000	2502.300
1654.000	2490.100
1655.000	2477.300
1656.000	2459.800
1657.000	2450.100
1658.000	2438.200
1659.000	2409.500
1660.000	2393.700
1661.000	2372.000
1662.000	2340.600
1663.000	2295.300
1664.000	2284.500
1665.000	2270.400
1666.000	2246.300
1667.000	2205.100
1668.000	2185.100
1669.000	2151.300
1670.000	2121.800
1671.000	2118.600
1672.000	2072.200
1673.000	2049.300
1674.000	2030.900
1675.000	2000.400
1676.000	1970.900
1677.000	1943.900
1678.000	1923.000
1679.000	1908.500
1680.000	1875.000
1681.000	1855.300
1682.000	1830.900
1683.000	1794.600
1684.000	1771.500
1685.000	1749.900
1686.000	1724.600
1687.000	1694.600
1688.000	1666.200
1689.000	1648.800
1690.000	1627.000
1691.000	1599.400
1692.000	1572.000
1693.000	1551.200
1694.000	1522.100
1695.000	1491.400
1696.000	1472.600
1697.000	1451.600
1698.000	1430.900
1699.000	1409.200
1700.000	1384.900
1701.000	1351.800
1702.000	1326.900
1703.000	1307.200
1704.000	1288.200
1705.000	1254.800
1706.000	1246.800
1707.000	1228.800
1708.000	1203.000
1709.000	1200.200
1710.000	1177.400
1711.000	1157.500
1712.000	1139.100
1713.000	1117.600
1714.000	1090.200
1715.000	1083.200
1716.000	1077.400
1717.000	1061.300
1718.000	1038.900
1719.000	1021.800
1720.000	1006.100
1721.000	991.400
1722.000	979.500
1723.000	955.200
1724.000	946.100
1725.000	941.800
1726.000	928.900
1727.000	892.600
1728.000	888.400
1729.000	888.900
1730.000	883.000
1731.000	871.800
1732.000	842.500
1733.000	823.200
1734.000	813.900
1735.000	810.900
1736.000	797.800
1737.000	786.900
1738.000	769.700
1739.000	752.900
1740.000	763.400
1741.000	752.200
1742.000	733.000
1743.000	717.000
1744.000	711.900
1745.000	708.600
1746.000	686.400
1747.000	672.700
1748.000	669.100
1749.000	663.800
1750.000	652.600
1751.000	638.500
1752.000	628.000
1753.000	624.900
1754.000	624.300
1755.000	609.000
1756.000	603.900
1757.000	596.900
1758.000	576.400
1759.000	581.900
1760.000	579.800
1761.000	569.900
1762.000	559.700
1763.000	560.300
1764.000	553.500
1765.000	541.700
1766.000	530.300
1767.000	521.400
1768.000	513.700
1769.000	503.000
1770.000	494.400
1771.000	487.300
1772.000	480.100
1773.000	468.000
1774.000	471.100
1775.000	461.800
1776.000	452.000
1777.000	449.400
1778.000	432.600
1779.000	436.800
1780.000	430.700
1781.000	423.200
1782.000	422.000
1783.000	413.500
1784.000	413.200
1785.000	405.500
1786.000	393.200
1787.000	381.900
1788.000	382.900
1789.000	376.100
1790.000	369.700
1791.000	361.100
1792.000	348.800
1793.000	342.000
1794.000	336.700
1795.000	339.700
1796.000	337.400
1797.000	325.200
1798.000	332.000
1799.000	323.900
1800.000	315.700
1801.000	307.700
1802.000	301.800
1803.000	304.900
1804.000	281.200
1805.000	277.900
1806.000	278.400
1807.000	275.300
1808.000	275.300
1809.000	270.400
1810.000	259.000
1811.000	252.200
1812.000	250.800
1813.000	249.800
1814.000	238.800
1815.000	242.800
1816.000	246.900
1817.000	243.800
1818.000	233.500
1819.000	227.200
1820.000	227.500
1821.000	226.300
1822.000	220.300
1823.000	210.800
1824.000	204.400
1825.000	204.600
1826.000	203.900
1827.000	202.200
1828.000	201.400
1829.000	203.700
1830.000	202.500
1831.000	196.500
1832.000	192.500
1833.000	187.800
1834.000	180.100
1835.000	170.900
1836.000	177.200
1837.000	169.400
1838.000	163.600
1839.000	161.500
1840.000	160.100
1841.000	152.800
1842.000	149.100
1843.000	148.700
1844.000	155.400
1845.000	160.400
1846.000	154.400
1847.000	153.600
1848.000	152.500
1849.000	150.000
1850.000	144.100
1851.000	139.700
1852.000	142.200
1853.000	132.500
1854.000	134.800
1855.000	136.100
1856.000	134.900
1857.000	130.900
1858.000	126.600
1859.000	122.500
1860.000	127.600
1861.000	121.900
1862.000	114.600
1863.000	111.900
1864.000	113.900
1865.000	116.000
1866.000	117.800
1867.000	115.500
1868.000	111.400
1869.000	106.600
1870.000	102.500
1871.000	108.100
1872.000	112.900
1873.000	108.000
1874.000	108.900
1875.000	107.000
1876.000	95.300
1877.000	103.200
1878.000	99.900
1879.000	101.800
1880.000	101.000
1881.000	94.000
1882.000	83.500
1883.000	75.600
1884.000	86.300
1885.000	90.300
1886.000	92.600
1887.000	89.500
1888.000	85.900
1889.000	89.400
1890.000	89.600
1891.000	84.300
1892.000	80.100
1893.000	79.300
1894.000	79.200
1895.000	80.700
1896.000	85.700
1897.000	76.200
1898.000	79.000
1899.000	82.000
1900.000	80.800
1901.000	74.300
1902.000	68.100
1903.000	71.900
1904.000	75.700
1905.000	74.700
1906.000	74.300
1907.000	70.100
1908.000	67.400
1909.000	68.200
1910.000	66.700
1911.000	65.000
1912.000	61.500
1913.000	64.000
1914.000	65.800
1915.000	65.400
1916.000	64.600
1917.000	63.300
1918.000	60.700
1919.000	62.800
1920.000	52.900
1921.000	54.100
1922.000	55.700
1923.000	56.500
1924.000	63.100
1925.000	55.100
1926.000	46.900
1927.000	58.000
1928.000	60.100
1929.000	53.200
1930.000	49.100
1931.000	51.800
1932.000	53.900
1933.000	59.400
1934.000	47.000
1935.000	43.200
1936.000	42.300
1937.000	43.000
1938.000	45.100
1939.000	48.400
1940.000	49.200
1941.000	39.500
1942.000	45.500
1943.000	41.900
1944.000	44.700
1945.000	44.600
1946.000	42.900
1947.000	44.600
1948.000	45.000
1949.000	34.200
1950.000	37.700
1951.000	43.400
1952.000	37.500
1953.000	34.500
1954.000	32.800
1955.000	31.300
1956.000	34.600
1957.000	34.200
1958.000	28.400
1959.000	45.900
1960.000	34.200
1961.000	36.300
1962.000	37.800
1963.000	33.600
1964.000	30.800
1965.000	31.900
1966.000	31.100
1967.000	24.400
1968.000	27.200
1969.000	31.700
1970.000	34.500
1971.000	32.300
1972.000	33.300
1973.000	37.000
1974.000	35.000
1975.000	32.200
1976.000	43.500
1977.000	39.900
1978.000	38.300
1979.000	32.100
1980.000	29.000
1981.000	26.500
1982.000	29.200
1983.000	33.800
1984.000	31.500
1985.000	33.200
1986.000	28.800
1987.000	32.400
1988.000	42.900
1989.000	30.900
1990.000	24.800
1991.000	29.000
1992.000	30.800
1993.000	29.900
1994.000	30.500
1995.000	27.400
1996.000	27.500
1997.000	29.100
1998.000	35.200
1999.000	35.900
2000.000	32.000
