200.000	9715.200
201.000	9689.300
202.000	9676.800
203.000	9663.100
204.000	9641.900
205.000	9622.000
206.000	9621.500
207.000	9620.700
208.000	9607.900
209.000	9594.600
210.000	9576.600
211.000	9557.700
212.000	9551.400
213.000	9548.800
214.000	9534.600
215.000	9516.000
216.000	9497.800
217.000	9480.100
218.000	9450.900
219.000	9412.000
220.000	9381.700
221.000	9362.000
222.000	9339.900
223.000	9313.800
224.000	9282.700
225.000	9239.300
226.000	9200.400
227.000	9180.100
228.000	9157.900
229.000	9123.500
230.000	9088.000
231.000	9028.800
232.000	8969.400
233.000	8956.900
234.000	8946.300
235.000	8895.600
236.000	8840.000
237.000	8784.800
238.000	8729.200
239.000	8686.300
240.000	8647.300
241.000	8612.000
242.000	8577.900
243.000	8549.000
244.000	8523.600
245.000	8481.200
246.000	8422.200
247.000	8388.200
248.000	8385.100
249.000	8372.400
250.000	8343.600
251.000	8313.000
252.000	8278.900
253.000	8253.400
254.000	8256.100
255.000	8254.500
256.000	8230.300
257.000	8208.600
258.000	8208.300
259.000	8207.500
260.000	8184.400
261.000	8160.900
262.000	8159.600
263.000	8159.000
264.000	8153.500
265.000	8147.200
266.000	8158.800
267.000	8173.500
268.000	8168.000
269.000	8156.800
270.000	8152.400
271.000	8150.900
272.000	8152.300
273.000	8155.900
274.000	8148.000
275.000	8132.700
276.000	8128.600
277.000	8134.100
278.000	8131.400
279.000	8119.400
280.000	8105.500
281.000	8088.700
282.000	8072.300
283.000	8057.200
284.000	8044.500
285.000	8038.600
286.000	8030.700
287.000	8015.600
288.000	8001.200
289.000	7989.400
290.000	7977.000
291.000	7963.400
292.000	7948.500
293.000	7927.700
294.000	7907.400
295.000	7902.900
296.000	7898.200
297.000	7860.400
298.000	7822.200
299.000	7818.700
300.000	7817.100
301.000	7816.700
302.000	7816.600
303.000	7790.500
304.000	7760.000
305.000	7759.800
306.000	7767.200
307.000	7769.300
308.000	7769.600
309.000	7776.300
310.000	7785.500
311.000	7797.800
312.000	7811.800
313.000	7802.400
314.000	7779.700
315.000	7789.800
316.000	7822.200
317.000	7841.600
318.000	7850.100
319.000	7856.200
320.000	7860.000
321.000	7875.000
322.000	7902.300
323.000	7916.200
324.000	7912.400
325.000	7925.200
326.000	7963.700
327.000	7997.600
328.000	8024.000
329.000	8047.300
330.000	8064.200
331.000	8083.900
332.000	8110.200
333.000	8135.400
334.000	8156.100
335.000	8179.000
336.000	8208.100
337.000	8235.500
338.000	8257.100
339.000	8276.100
340.000	8282.100
341.000	8290.400
342.000	8316.100
343.000	8342.900
344.000	8381.300
345.000	8415.500
346.000	8403.900
347.000	8394.400
348.000	8428.600
349.000	8462.200
350.000	8473.800
351.000	8485.300
352.000	8491.400
353.000	8497.700
354.000	8505.600
355.000	8514.000
356.000	8518.300
357.000	8522.300
358.000	8519.800
359.000	8516.500
360.000	8558.200
361.000	8604.200
362.000	8627.000
363.000	8647.300
364.000	8660.600
365.000	8672.700
366.000	8679.500
367.000	8684.800
368.000	8739.800
369.000	8804.500
370.000	8803.200
371.000	8787.500
372.000	8793.300
373.000	8804.700
374.000	8812.500
375.000	8819.300
376.000	8842.800
377.000	8871.100
378.000	8878.900
379.000	8880.200
380.000	8900.000
381.000	8926.100
382.000	8933.700
383.000	8934.500
384.000	8954.900
385.000	8982.500
386.000	9008.700
387.000	9034.200
388.000	9043.700
389.000	9046.400
390.000	9056.700
391.000	9070.300
392.000	9083.200
393.000	9095.700
394.000	9116.400
395.000	9140.700
396.000	9161.600
397.000	9180.700
398.000	9194.400
399.000	9206.100
400.000	9230.000
401.000	9260.300
402.000	9272.800
403.000	9276.400
404.000	9279.500
405.000	9282.200
406.000	9290.200
407.000	9300.700
408.000	9309.000
409.000	9316.300
410.000	9317.800
411.000	9316.800
412.000	9326.900
413.000	9342.700
414.000	9341.600
415.000	9332.800
416.000	9337.400
417.000	9348.600
418.000	9351.300
419.000	9350.400
420.000	9337.700
421.000	9320.100
422.000	9306.400
423.000	9294.300
424.000	9296.600
425.000	9304.500
426.000	9296.700
427.000	9282.900
428.000	9269.300
429.000	9255.900
430.000	9245.100
431.000	9235.100
432.000	9220.400
433.000	9204.700
434.000	9192.100
435.000	9180.600
436.000	9174.000
437.000	9168.700
438.000	9168.000
439.000	9168.800
440.000	9161.100
441.000	9150.900
442.000	9144.200
443.000	9138.000
444.000	9116.700
445.000	9092.400
446.000	9089.200
447.000	9089.800
448.000	9079.300
449.000	9067.300
450.000	9064.700
451.000	9063.400
452.000	9052.400
453.000	9040.800
454.000	9023.000
455.000	9004.800
456.000	9000.200
457.000	8996.500
458.000	8983.300
459.000	8970.100
460.000	8970.100
461.000	8969.100
462.000	8940.500
463.000	8913.600
464.000	8915.400
465.000	8918.300
466.000	8930.900
467.000	8936.800
468.000	8894.000
469.000	8860.100
470.000	8880.800
471.000	8896.300
472.000	8887.900
473.000	8880.600
474.000	8878.600
475.000	8876.500
476.000	8874.500
477.000	8872.100
478.000	8868.800
479.000	8868.700
480.000	8874.600
481.000	8883.600
482.000	8899.100
483.000	8908.900
484.000	8910.000
485.000	8917.800
486.000	8934.900
487.000	8936.600
488.000	8919.500
489.000	8908.800
490.000	8904.400
491.000	8880.500
492.000	8838.000
493.000	8791.200
494.000	8741.300
495.000	8698.500
496.000	8660.300
497.000	8618.500
498.000	8574.400
499.000	8518.200
500.000	8456.600
501.000	8407.800
502.000	8363.600
503.000	8318.200
504.000	8272.200
505.000	8216.700
506.000	8159.100
507.000	8114.400
508.000	8071.600
509.000	8044.400
510.000	8018.700
511.000	7978.300
512.000	7937.200
513.000	7889.800
514.000	7842.800
515.000	7807.500
516.000	7773.500
517.000	7749.800
518.000	7724.900
519.000	7694.700
520.000	7659.900
521.000	7607.900
522.000	7565.300
523.000	7546.600
524.000	7524.500
525.000	7494.800
526.000	7463.600
527.000	7429.700
528.000	7404.800
529.000	7391.000
530.000	7371.300
531.000	7345.900
532.000	7322.000
533.000	7299.700
534.000	7280.100
535.000	7262.400
536.000	7251.300
537.000	7243.200
538.000	7229.400
539.000	7213.700
540.000	7199.600
541.000	7185.700
542.000	7175.200
543.000	7165.100
544.000	7153.400
545.000	7141.400
546.000	7125.500
547.000	7109.800
548.000	7100.400
549.000	7090.200
550.000	7073.600
551.000	7056.500
552.000	7035.500
553.000	7021.700
554.000	7030.400
555.000	7027.000
556.000	6998.400
557.000	6974.000
558.000	6956.800
559.000	6946.100
560.000	6943.800
561.000	6931.300
562.000	6910.800
563.000	6894.200
564.000	6880.800
565.000	6865.400
566.000	6849.300
567.000	6847.700
568.000	6850.600
569.000	6814.000
570.000	6769.200
571.000	6773.200
572.000	6782.000
573.000	6777.100
574.000	6770.300
575.000	6738.600
576.000	6711.500
577.000	6713.800
578.000	6711.700
579.000	6694.400
580.000	6680.400
581.000	6674.000
582.000	6669.000
583.000	6666.800
584.000	6657.800
585.000	6640.900
586.000	6631.800
587.000	6629.000
588.000	6626.900
589.000	6625.500
590.000	6616.200
591.000	6604.100
592.000	6582.200
593.000	6558.000
594.000	6559.700
595.000	6564.000
596.000	6565.400
597.000	6565.300
598.000	6547.300
599.000	6531.100
600.000	6524.800
601.000	6516.600
602.000	6502.900
603.000	6492.200
604.000	6488.400
605.000	6484.500
606.000	6480.000
607.000	6471.000
608.000	6457.500
609.000	6436.900
610.000	6411.700
611.000	6381.100
612.000	6348.600
613.000	6344.200
614.000	6346.500
615.000	6324.500
616.000	6300.300
617.000	6293.100
618.000	6284.500
619.000	6265.100
620.000	6247.100
621.000	6233.300
622.000	6222.100
623.000	6215.700
624.000	6209.600
625.000	6203.800
626.000	6191.200
627.000	6172.000
628.000	6159.200
629.000	6150.700
630.000	6137.700
631.000	6123.300
632.000	6128.400
633.000	6137.500
634.000	6112.800
635.000	6086.700
636.000	6085.700
637.000	6084.900
638.000	6084.800
639.000	6081.300
640.000	6067.900
641.000	6055.700
642.000	6045.600
643.000	6039.100
644.000	6037.100
645.000	6038.000
646.000	6040.900
647.000	6040.100
648.000	6037.800
649.000	6032.300
650.000	6025.900
651.000	6010.000
652.000	5994.100
653.000	5997.300
654.000	5995.700
655.000	5970.400
656.000	5949.900
657.000	5942.300
658.000	5921.900
659.000	5881.800
660.000	5858.200
661.000	5850.400
662.000	5833.100
663.000	5810.400
664.000	5789.100
665.000	5768.500
666.000	5734.300
667.000	5698.200
668.000	5667.700
669.000	5638.500
670.000	5619.500
671.000	5602.400
672.000	5591.100
673.000	5580.600
674.000	5571.400
675.000	5555.300
676.000	5532.200
677.000	5517.900
678.000	5508.400
679.000	5492.100
680.000	5474.000
681.000	5457.300
682.000	5440.700
683.000	5416.100
684.000	5392.700
685.000	5378.300
686.000	5365.500
687.000	5357.700
688.000	5354.200
689.000	5356.700
690.000	5338.500
691.000	5302.500
692.000	5290.700
693.000	5290.700
694.000	5282.000
695.000	5271.500
696.000	5249.400
697.000	5227.100
698.000	5210.200
699.000	5192.100
700.000	5170.000
701.000	5155.600
702.000	5154.400
703.000	5146.100
704.000	5130.400
705.000	5118.300
706.000	5109.000
707.000	5089.900
708.000	5068.200
709.000	5049.200
710.000	5030.900
711.000	5018.600
712.000	5005.000
713.000	4987.100
714.000	4981.500
715.000	4998.400
716.000	5003.100
717.000	4995.100
718.000	4990.500
719.000	4988.200
720.000	4975.600
721.000	4960.300
722.000	4951.500
723.000	4944.800
724.000	4952.500
725.000	4950.700
726.000	4920.000
727.000	4899.100
728.000	4893.500
729.000	4887.700
730.000	4881.800
731.000	4876.300
732.000	4871.300
733.000	4852.500
734.000	4831.600
735.000	4833.100
736.000	4832.000
737.000	4817.900
738.000	4803.800
739.000	4790.200
740.000	4780.700
741.000	4775.700
742.000	4767.800
743.000	4758.700
744.000	4745.300
745.000	4730.900
746.000	4714.500
747.000	4700.400
748.000	4703.300
749.000	4703.800
750.000	4699.300
751.000	4689.200
752.000	4671.900
753.000	4664.000
754.000	4661.800
755.000	4650.900
756.000	4637.300
757.000	4620.700
758.000	4605.500
759.000	4604.000
760.000	4598.300
761.000	4581.400
762.000	4566.600
763.000	4553.500
764.000	4547.700
765.000	4546.000
766.000	4536.400
767.000	4524.400
768.000	4512.900
769.000	4501.400
770.000	4492.100
771.000	4482.600
772.000	4473.100
773.000	4470.600
774.000	4475.700
775.000	4468.200
776.000	4453.700
777.000	4448.800
778.000	4446.100
779.000	4438.200
780.000	4428.100
781.000	4407.700
782.000	4391.600
783.000	4383.900
784.000	4381.900
785.000	4385.700
786.000	4380.400
787.000	4371.400
788.000	4354.400
789.000	4337.800
790.000	4339.100
791.000	4331.500
792.000	4297.600
793.000	4274.700
794.000	4265.500
795.000	4251.500
796.000	4234.400
797.000	4220.100
798.000	4206.700
799.000	4199.400
800.000	4190.400
801.000	4173.300
802.000	4161.500
803.000	4159.100
804.000	4147.000
805.000	4126.700
806.000	4115.900
807.000	4107.800
808.000	4092.200
809.000	4078.400
810.000	4080.300
811.000	4071.300
812.000	4039.600
813.000	4018.700
814.000	4007.600
815.000	3998.100
816.000	3989.100
817.000	3960.400
818.000	3933.000
819.000	3932.700
820.000	3925.600
821.000	3902.200
822.000	3886.900
823.000	3880.100
824.000	3876.400
825.000	3874.200
826.000	3853.600
827.000	3832.600
828.000	3824.500
829.000	3812.400
830.000	3791.600
831.000	3776.000
832.000	3765.900
833.000	3763.300
834.000	3764.500
835.000	3740.900
836.000	3718.300
837.000	3723.500
838.000	3724.100
839.000	3714.600
840.000	3698.300
841.000	3675.500
842.000	3661.000
843.000	3649.500
844.000	3646.300
845.000	3641.300
846.000	3624.400
847.000	3611.300
848.000	3605.000
849.000	3589.000
850.000	3565.600
851.000	3552.700
852.000	3542.500
853.000	3520.600
854.000	3500.000
855.000	3484.500
856.000	3470.300
857.000	3458.400
858.000	3446.200
859.000	3433.800
860.000	3418.600
861.000	3402.400
862.000	3380.300
863.000	3363.500
864.000	3359.100
865.000	3349.200
866.000	3334.400
867.000	3310.200
868.000	3283.000
869.000	3291.700
870.000	3297.600
871.000	3283.700
872.000	3268.300
873.000	3250.200
874.000	3236.200
875.000	3224.500
876.000	3209.800
877.000	3195.100
878.000	3185.100
879.000	3171.400
880.000	3149.900
881.000	3142.200
882.000	3145.500
883.000	3132.400
884.000	3113.900
885.000	3101.000
886.000	3087.900
887.000	3074.300
888.000	3069.200
889.000	3074.700
890.000	3067.200
891.000	3053.800
892.000	3047.900
893.000	3041.100
894.000	3025.300
895.000	3014.400
896.000	3010.800
897.000	3005.400
898.000	2999.200
899.000	2984.600
900.000	2970.100
901.000	2966.900
902.000	2964.400
903.000	2963.100
904.000	2959.900
905.000	2955.300
906.000	2957.800
907.000	2961.800
908.000	2966.900
909.000	2967.200
910.000	2956.200
911.000	2963.600
912.000	2985.700
913.000	2998.900
914.000	3010.000
915.000	3028.600
916.000	3052.500
917.000	3090.700
918.000	3145.300
919.000	3214.800
920.000	3286.800
921.000	3360.700
922.000	3478.000
923.000	3593.500
924.000	3704.500
925.000	3796.200
926.000	3870.600
927.000	3879.300
928.000	3866.700
929.000	3768.900
930.000	3662.100
931.000	3533.000
932.000	3409.000
933.000	3289.600
934.000	3190.000
935.000	3096.600
936.000	3028.400
937.000	2962.600
938.000	2903.200
939.000	2853.000
940.000	2810.300
941.000	2781.500
942.000	2756.700
943.000	2739.300
944.000	2721.300
945.000	2701.500
946.000	2683.300
947.000	2666.700
948.000	2658.100
949.000	2650.300
950.000	2638.000
951.000	2625.400
952.000	2612.200
953.000	2605.600
954.000	2602.200
955.000	2606.900
956.000	2607.100
957.000	2583.400
958.000	2568.300
959.000	2564.600
960.000	2555.600
961.000	2544.400
962.000	2537.200
963.000	2531.500
964.000	2531.200
965.000	2526.100
966.000	2516.500
967.000	2510.300
968.000	2505.600
969.000	2511.700
970.000	2513.200
971.000	2505.400
972.000	2500.700
973.000	2497.900
974.000	2488.100
975.000	2479.000
976.000	2478.100
977.000	2479.500
978.000	2483.900
979.000	2480.700
980.000	2474.100
981.000	2461.200
982.000	2451.400
983.000	2450.600
984.000	2442.700
985.000	2428.800
986.000	2421.200
987.000	2415.200
988.000	2410.400
989.000	2406.300
990.000	2403.200
991.000	2396.200
992.000	2387.300
993.000	2391.200
994.000	2394.700
995.000	2394.700
996.000	2389.800
997.000	2380.500
998.000	2383.800
999.000	2387.500
1000.000	2373.500
1001.000	2363.900
1002.000	2362.000
1003.000	2345.900
1004.000	2323.700
1005.000	2331.700
1006.000	2335.900
1007.000	2327.200
1008.000	2322.200
1009.000	2319.900
1010.000	2318.000
1011.000	2316.400
1012.000	2315.300
1013.000	2315.200
1014.000	2316.000
1015.000	2314.400
1016.000	2311.800
1017.000	2306.300
1018.000	2304.800
1019.000	2310.500
1020.000	2309.400
1021.000	2303.500
1022.000	2290.200
1023.000	2279.300
1024.000	2277.100
1025.000	2275.000
1026.000	2273.400
1027.000	2275.600
1028.000	2276.500
1029.000	2264.600
1030.000	2255.200
1031.000	2249.400
1032.000	2250.900
1033.000	2255.000
1034.000	2263.700
1035.000	2269.200
1036.000	2269.500
1037.000	2263.700
1038.000	2255.200
1039.000	2261.000
1040.000	2263.600
1041.000	2257.900
1042.000	2253.900
1043.000	2250.400
1044.000	2252.700
1045.000	2256.800
1046.000	2264.500
1047.000	2264.200
1048.000	2256.600
1049.000	2247.500
1050.000	2240.100
1051.000	2242.100
1052.000	2243.100
1053.000	2242.200
1054.000	2244.100
1055.000	2245.100
1056.000	2237.800
1057.000	2234.700
1058.000	2236.800
1059.000	2247.200
1060.000	2258.800
1061.000	2254.900
1062.000	2254.900
1063.000	2261.000
1064.000	2269.100
1065.000	2277.500
1066.000	2269.600
1067.000	2261.700
1068.000	2252.900
1069.000	2237.900
1070.000	2220.100
1071.000	2227.400
1072.000	2223.900
1073.000	2198.700
1074.000	2195.200
1075.000	2202.500
1076.000	2192.500
1077.000	2186.200
1078.000	2186.800
1079.000	2181.200
1080.000	2172.100
1081.000	2167.200
1082.000	2163.200
1083.000	2160.400
1084.000	2159.200
1085.000	2159.100
1086.000	2160.500
1087.000	2157.300
1088.000	2143.900
1089.000	2139.400
1090.000	2139.700
1091.000	2150.700
1092.000	2155.700
1093.000	2148.500
1094.000	2134.900
1095.000	2118.200
1096.000	2119.500
1097.000	2121.500
1098.000	2124.500
1099.000	2116.400
1100.000	2103.400
1101.000	2092.500
1102.000	2092.200
1103.000	2109.500
1104.000	2107.700
1105.000	2098.100
1106.000	2091.200
1107.000	2085.400
1108.000	2081.300
1109.000	2084.300
1110.000	2089.100
1111.000	2089.100
1112.000	2084.900
1113.000	2075.300
1114.000	2070.300
1115.000	2067.200
1116.000	2065.500
1117.000	2067.700
1118.000	2074.200
1119.000	2064.900
1120.000	2055.400
1121.000	2060.100
1122.000	2059.800
1123.000	2055.000
1124.000	2053.800
1125.000	2054.200
1126.000	2057.600
1127.000	2054.900
1128.000	2048.000
1129.000	2040.700
1130.000	2041.300
1131.000	2058.300
1132.000	2053.600
1133.000	2038.900
1134.000	2042.100
1135.000	2044.100
1136.000	2043.900
1137.000	2038.700
1138.000	2033.400
1139.000	2036.800
1140.000	2036.700
1141.000	2033.200
1142.000	2032.900
1143.000	2031.800
1144.000	2026.200
1145.000	2019.000
1146.000	2010.400
1147.000	2014.600
1148.000	2016.500
1149.000	2012.200
1150.000	2010.600
1151.000	2010.300
1152.000	2009.400
1153.000	2007.600
1154.000	2005.000
1155.000	2000.100
1156.000	1994.500
1157.000	1985.800
1158.000	1983.700
1159.000	1987.300
1160.000	1987.800
1161.000	1985.400
1162.000	1977.300
1163.000	1977.000
1164.000	1980.400
1165.000	1980.700
1166.000	1982.900
1167.000	1987.300
1168.000	1987.600
1169.000	1985.100
1170.000	1974.400
1171.000	1965.700
1172.000	1958.900
1173.000	1960.400
1174.000	1960.100
1175.000	1954.100
1176.000	1953.200
1177.000	1954.100
1178.000	1952.700
1179.000	1947.600
1180.000	1937.500
1181.000	1946.400
1182.000	1953.200
1183.000	1938.000
1184.000	1929.500
1185.000	1925.100
1186.000	1942.300
1187.000	1947.400
1188.000	1933.000
1189.000	1930.600
1190.000	1931.700
1191.000	1931.300
1192.000	1923.300
1193.000	1908.300
1194.000	1917.700
1195.000	1924.800
1196.000	1923.200
1197.000	1921.700
1198.000	1920.200
1199.000	1916.600
1200.000	1917.000
1201.000	1920.900
1202.000	1909.800
1203.000	1901.800
1204.000	1903.200
1205.000	1909.400
1206.000	1916.400
1207.000	1916.400
1208.000	1916.500
1209.000	1917.300
1210.000	1909.100
1211.000	1905.200
1212.000	1913.100
1213.000	1915.400
1214.000	1914.200
1215.000	1903.500
1216.000	1895.600
1217.000	1890.700
1218.000	1888.800
1219.000	1889.800
1220.000	1894.800
1221.000	1893.800
1222.000	1889.600
1223.000	1883.200
1224.000	1876.000
1225.000	1868.300
1226.000	1877.500
1227.000	1885.800
1228.000	1890.500
1229.000	1881.100
1230.000	1869.400
1231.000	1864.300
1232.000	1868.200
1233.000	1878.100
1234.000	1870.400
1235.000	1864.600
1236.000	1860.900
1237.000	1866.000
1238.000	1869.600
1239.000	1863.600
1240.000	1860.900
1241.000	1858.500
1242.000	1844.900
1243.000	1846.500
1244.000	1862.400
1245.000	1847.700
1246.000	1841.000
1247.000	1852.400
1248.000	1854.100
1249.000	1852.200
1250.000	1846.100
1251.000	1843.000
1252.000	1841.700
1253.000	1838.500
1254.000	1833.200
1255.000	1825.500
1256.000	1829.400
1257.000	1833.600
1258.000	1835.300
1259.000	1837.200
1260.000	1837.000
1261.000	1826.100
1262.000	1810.900
1263.000	1794.200
1264.000	1805.100
1265.000	1814.400
1266.000	1823.000
1267.000	1817.300
1268.000	1810.200
1269.000	1803.800
1270.000	1800.100
1271.000	1798.600
1272.000	1805.000
1273.000	1802.200
1274.000	1793.600
1275.000	1780.000
1276.000	1784.100
1277.000	1805.400
1278.000	1786.900
1279.000	1775.700
1280.000	1779.500
1281.000	1770.200
1282.000	1761.800
1283.000	1763.400
1284.000	1759.900
1285.000	1757.400
1286.000	1771.900
1287.000	1774.000
1288.000	1767.300
1289.000	1751.000
1290.000	1746.100
1291.000	1753.500
1292.000	1751.400
1293.000	1744.300
1294.000	1730.000
1295.000	1720.000
1296.000	1714.400
1297.000	1717.700
1298.000	1721.600
1299.000	1723.800
1300.000	1717.100
1301.000	1710.500
1302.000	1705.000
1303.000	1707.500
1304.000	1705.100
1305.000	1698.100
1306.000	1704.400
1307.000	1706.300
1308.000	1702.300
1309.000	1701.000
1310.000	1699.300
1311.000	1696.000
1312.000	1689.300
1313.000	1683.300
1314.000	1680.900
1315.000	1682.100
1316.000	1683.800
1317.000	1683.000
1318.000	1678.800
1319.000	1673.400
1320.000	1675.100
1321.000	1676.000
1322.000	1675.300
1323.000	1657.200
1324.000	1649.900
1325.000	1653.800
1326.000	1654.800
1327.000	1655.000
1328.000	1653.800
1329.000	1650.500
1330.000	1648.500
1331.000	1649.400
1332.000	1653.100
1333.000	1657.100
1334.000	1660.300
1335.000	1656.600
1336.000	1653.300
1337.000	1659.000
1338.000	1669.700
1339.000	1680.400
1340.000	1681.900
1341.000	1693.600
1342.000	1709.100
1343.000	1719.400
1344.000	1732.400
1345.000	1745.500
1346.000	1750.000
1347.000	1757.000
1348.000	1764.700
1349.000	1751.800
1350.000	1736.200
1351.000	1717.400
1352.000	1704.700
1353.000	1692.100
1354.000	1679.900
1355.000	1665.800
1356.000	1656.800
1357.000	1654.900
1358.000	1641.700
1359.000	1631.100
1360.000	1624.600
1361.000	1626.300
1362.000	1624.800
1363.000	1617.100
1364.000	1624.400
1365.000	1627.900
1366.000	1620.400
1367.000	1622.500
1368.000	1621.100
1369.000	1610.200
1370.000	1608.000
1371.000	1604.300
1372.000	1594.100
1373.000	1611.400
1374.000	1623.700
1375.000	1611.600
1376.000	1607.100
1377.000	1605.200
1378.000	1606.200
1379.000	1612.300
1380.000	1618.800
1381.000	1623.200
1382.000	1618.200
1383.000	1615.000
1384.000	1621.900
1385.000	1620.900
1386.000	1619.500
1387.000	1620.700
1388.000	1628.600
1389.000	1636.600
1390.000	1639.400
1391.000	1644.800
1392.000	1650.900
1393.000	1656.400
1394.000	1663.000
1395.000	1670.200
1396.000	1677.400
1397.000	1685.100
1398.000	1694.600
1399.000	1708.600
1400.000	1713.100
1401.000	1723.000
1402.000	1746.500
1403.000	1756.000
1404.000	1764.300
1405.000	1776.200
1406.000	1806.400
1407.000	1830.500
1408.000	1839.300
1409.000	1847.600
1410.000	1864.400
1411.000	1893.600
1412.000	1891.600
1413.000	1892.800
1414.000	1902.100
1415.000	1890.900
1416.000	1882.400
1417.000	1878.200
1418.000	1867.900
1419.000	1858.400
1420.000	1849.700
1421.000	1819.800
1422.000	1800.000
1423.000	1787.700
1424.000	1765.600
1425.000	1747.000
1426.000	1732.000
1427.000	1728.000
1428.000	1712.500
1429.000	1692.800
1430.000	1680.900
1431.000	1670.700
1432.000	1660.800
1433.000	1649.300
1434.000	1635.500
1435.000	1620.500
1436.000	1603.900
1437.000	1593.900
1438.000	1588.800
1439.000	1589.800
1440.000	1580.600
1441.000	1571.700
1442.000	1564.100
1443.000	1550.800
1444.000	1545.200
1445.000	1549.500
1446.000	1538.300
1447.000	1530.400
1448.000	1526.000
1449.000	1534.100
1450.000	1528.000
1451.000	1513.800
1452.000	1509.400
1453.000	1508.400
1454.000	1506.900
1455.000	1497.600
1456.000	1495.700
1457.000	1490.100
1458.000	1470.500
1459.000	1483.000
1460.000	1491.300
1461.000	1484.700
1462.000	1484.700
1463.000	1483.600
1464.000	1480.400
1465.000	1476.500
1466.000	1472.100
1467.000	1467.100
1468.000	1456.900
1469.000	1451.600
1470.000	1450.500
1471.000	1455.400
1472.000	1453.100
1473.000	1449.500
1474.000	1448.500
1475.000	1444.100
1476.000	1444.400
1477.000	1451.500
1478.000	1444.200
1479.000	1444.800
1480.000	1451.300
1481.000	1442.000
1482.000	1445.000
1483.000	1451.000
1484.000	1443.300
1485.000	1444.800
1486.000	1448.800
1487.000	1453.000
1488.000	1441.900
1489.000	1433.700
1490.000	1431.900
1491.000	1448.800
1492.000	1454.800
1493.000	1451.300
1494.000	1437.000
1495.000	1441.100
1496.000	1450.700
1497.000	1452.800
1498.000	1441.000
1499.000	1438.300
1500.000	1455.200
1501.000	1443.600
1502.000	1438.000
1503.000	1440.600
1504.000	1450.900
1505.000	1453.900
1506.000	1450.400
1507.000	1436.100
1508.000	1443.500
1509.000	1449.300
1510.000	1445.600
1511.000	1444.300
1512.000	1446.400
1513.000	1451.700
1514.000	1457.000
1515.000	1460.000
1516.000	1464.000
1517.000	1472.300
1518.000	1479.600
1519.000	1484.500
1520.000	1486.200
1521.000	1476.100
1522.000	1472.200
1523.000	1474.300
1524.000	1483.400
1525.000	1484.700
1526.000	1484.700
1527.000	1488.200
1528.000	1487.500
1529.000	1494.700
1530.000	1509.700
1531.000	1507.300
1532.000	1508.200
1533.000	1508.700
1534.000	1502.800
1535.000	1520.900
1536.000	1533.400
1537.000	1531.900
1538.000	1543.100
1539.000	1541.400
1540.000	1539.200
1541.000	1566.700
1542.000	1565.900
1543.000	1563.400
1544.000	1570.400
1545.000	1584.500
1546.000	1584.100
1547.000	1577.600
1548.000	1595.400
1549.000	1600.300
1550.000	1606.100
1551.000	1619.900
1552.000	1627.300
1553.000	1642.100
1554.000	1658.900
1555.000	1655.800
1556.000	1656.100
1557.000	1663.700
1558.000	1682.200
1559.000	1679.200
1560.000	1687.400
1561.000	1701.600
1562.000	1701.100
1563.000	1720.000
1564.000	1734.900
1565.000	1735.400
1566.000	1737.900
1567.000	1749.600
1568.000	1765.500
1569.000	1774.400
1570.000	1780.400
1571.000	1788.000
1572.000	1797.900
1573.000	1807.400
1574.000	1817.200
1575.000	1824.500
1576.000	1824.500
1577.000	1839.500
1578.000	1855.100
1579.000	1868.400
1580.000	1874.400
1581.000	1892.200
1582.000	1912.400
1583.000	1927.000
1584.000	1929.500
1585.000	1932.000
1586.000	1939.900
1587.000	1967.700
1588.000	1975.800
1589.000	1988.800
1590.000	2011.400
1591.000	2018.400
1592.000	2030.600
1593.000	2050.600
1594.000	2083.100
1595.000	2093.900
1596.000	2109.700
1597.000	2127.700
1598.000	2133.900
1599.000	2164.200
1600.000	2185.900
1601.000	2192.600
1602.000	2208.100
1603.000	2209.300
1604.000	2219.400
1605.000	2256.700
1606.000	2268.800
1607.000	2289.800
1608.000	2313.700
1609.000	2329.700
1610.000	2352.900
1611.000	2375.600
1612.000	2395.600
1613.000	2411.000
1614.000	2417.300
1615.000	2431.000
1616.000	2457.900
1617.000	2485.400
1618.000	2497.500
1619.000	2506.100
1620.000	2519.300
1621.000	2533.300
1622.000	2547.800
1623.000	2559.600
1624.000	2563.200
1625.000	2578.100
1626.000	2581.000
1627.000	2579.300
1628.000	2596.700
1629.000	2607.700
1630.000	2606.100
1631.000	2596.700
1632.000	2608.000
1633.000	2627.400
1634.000	2628.700
1635.000	2609.900
1636.000	2620.000
1637.000	2634.100
1638.000	2637.500
1639.000	2624.200
1640.000	2620.900
1641.000	2616.300
1642.000	2608.800
1643.000	2597.100
1644.000	2589.900
1645.000	2596.700
1646.000	2593.200
1647.000	2557.600
1648.000	2563.700
1649.000	2554.900
1650.000	2544.900
1651.000	2548.900
1652.000	2528.000
1653.000	2507.000
1654.000	2486.700
1655.000	2468.000
1656.000	2456.400
1657.000	2442.400
1658.000	2421.100
1659.000	2386.200
1660.000	2385.400
1661.000	2366.300
1662.000	2336.100
1663.000	2309.000
1664.000	2296.000
1665.000	2270.900
1666.000	2238.600
1667.000	2206.200
1668.000	2176.500
1669.000	2153.000
1670.000	2129.100
1671.000	2099.000
1672.000	2075.300
1673.000	2047.800
1674.000	2018.500
1675.000	1989.300
1676.000	1978.900
1677.000	1953.500
1678.000	1925.000
1679.000	1901.600
1680.000	1875.400
1681.000	1851.300
1682.000	1825.500
1683.000	1797.100
1684.000	1782.400
1685.000	1757.000
1686.000	1732.600
1687.000	1710.100
1688.000	1671.500
1689.000	1633.300
1690.000	1612.100
1691.000	1601.000
1692.000	1568.100
1693.000	1539.100
1694.000	1520.400
1695.000	1503.300
1696.000	1471.800
1697.000	1451.400
1698.000	1428.800
1699.000	1401.700
1700.000	1366.300
1701.000	1341.800
1702.000	1319.900
1703.000	1302.800
1704.000	1288.300
1705.000	1256.100
1706.000	1237.000
1707.000	1220.300
1708.000	1206.000
1709.000	1201.100
1710.000	1176.400
1711.000	1153.700
1712.000	1133.100
1713.000	1112.500
1714.000	1101.300
1715.000	1080.500
1716.000	1063.900
1717.000	1058.300
1718.000	1046.900
1719.000	1027.200
1720.000	1008.600
1721.000	990.500
1722.000	968.000
1723.000	962.000
1724.000	949.600
1725.000	936.900
1726.000	929.300
1727.000	911.100
1728.000	893.900
1729.000	876.500
1730.000	863.900
1731.000	868.600
1732.000	847.100
1733.000	823.300
1734.000	808.000
1735.000	807.800
1736.000	802.500
1737.000	786.800
1738.000	773.800
1739.000	766.700
1740.000	759.800
1741.000	746.900
1742.000	732.300
1743.000	722.000
1744.000	717.700
1745.000	700.200
1746.000	696.300
1747.000	688.300
1748.000	676.200
1749.000	668.800
1750.000	663.600
1751.000	650.300
1752.000	632.900
1753.000	619.200
1754.000	626.800
1755.000	617.300
1756.000	606.000
1757.000	597.000
1758.000	592.700
1759.000	590.500
1760.000	578.800
1761.000	562.900
1762.000	549.100
1763.000	544.200
1764.000	538.000
1765.000	532.100
1766.000	529.700
1767.000	528.600
1768.000	517.000
1769.000	506.300
1770.000	496.100
1771.000	482.600
1772.000	467.100
1773.000	465.600
1774.000	466.000
1775.000	457.000
1776.000	447.400
1777.000	443.400
1778.000	435.600
1779.000	430.000
1780.000	426.700
1781.000	421.800
1782.000	413.000
1783.000	409.700
1784.000	412.200
1785.000	403.900
1786.000	391.400
1787.000	384.000
1788.000	386.800
1789.000	379.100
1790.000	368.200
1791.000	359.700
1792.000	356.700
1793.000	354.500
1794.000	347.300
1795.000	342.500
1796.000	334.400
1797.000	322.400
1798.000	324.500
1799.000	316.600
1800.000	315.800
1801.000	313.900
1802.000	305.900
1803.000	298.500
1804.000	292.700
1805.000	286.100
1806.000	283.000
1807.000	281.100
1808.000	272.600
1809.000	267.800
1810.000	262.500
1811.000	260.800
1812.000	257.200
1813.000	246.400
1814.000	255.600
1815.000	241.000
1816.000	236.700
1817.000	240.900
1818.000	241.300
1819.000	223.900
1820.000	223.100
1821.000	219.700
1822.000	217.900
1823.000	218.400
1824.000	215.300
1825.000	207.800
1826.000	200.000
1827.000	202.200
1828.000	199.400
1829.000	181.500
1830.000	192.000
1831.000	192.200
1832.000	189.400
1833.000	185.200
1834.000	180.000
1835.000	173.700
1836.000	164.400
1837.000	166.700
1838.000	166.000
1839.000	166.200
1840.000	168.300
1841.000	158.300
1842.000	151.900
1843.000	153.200
1844.000	152.000
1845.000	148.600
1846.000	147.800
1847.000	152.900
1848.000	150.900
1849.000	144.400
1850.000	142.100
1851.000	144.900
1852.000	146.900
1853.000	135.100
1854.000	129.600
1855.000	127.000
1856.000	133.500
1857.000	140.700
1858.000	132.600
1859.000	127.400
1860.000	118.800
1861.000	113.500
1862.000	116.100
1863.000	120.400
1864.000	116.300
1865.000	118.200
1866.000	123.400
1867.000	121.300
1868.000	112.700
1869.000	104.500
1870.000	104.300
1871.000	112.700
1872.000	102.300
1873.000	100.600
1874.000	99.600
1875.000	97.900
1876.000	100.300
1877.000	108.700
1878.000	108.900
1879.000	101.000
1880.000	91.500
1881.000	89.600
1882.000	94.800
1883.000	95.600
1884.000	88.400
1885.000	100.000
1886.000	89.700
1887.000	84.000
1888.000	86.200
1889.000	82.400
1890.000	81.100
1891.000	79.400
1892.000	82.400
1893.000	84.200
1894.000	83.200
1895.000	81.500
1896.000	82.100
1897.000	75.900
1898.000	78.100
1899.000	82.500
1900.000	81.500
1901.000	78.700
1902.000	73.700
1903.000	61.000
1904.000	70.900
1905.000	73.700
1906.000	70.200
1907.000	72.700
1908.000	74.300
1909.000	68.300
1910.000	62.100
1911.000	64.600
1912.000	62.900
1913.000	64.400
1914.000	67.900
1915.000	70.100
1916.000	70.500
1917.000	70.900
1918.000	63.800
1919.000	58.700
1920.000	65.500
1921.000	66.300
1922.000	63.500
1923.000	59.800
1924.000	56.300
1925.000	59.300
1926.000	66.700
1927.000	59.900
1928.000	51.700
1929.000	52.200
1930.000	50.600
1931.000	43.300
1932.000	42.800
1933.000	46.100
1934.000	49.400
1935.000	52.300
1936.000	44.400
1937.000	41.600
1938.000	44.900
1939.000	44.800
1940.000	38.500
1941.000	39.400
1942.000	39.400
1943.000	38.900
1944.000	37.700
1945.000	36.500
1946.000	40.300
1947.000	47.000
1948.000	46.000
1949.000	31.400
1950.000	27.600
1951.000	39.900
1952.000	39.500
1953.000	36.100
1954.000	33.900
1955.000	33.500
1956.000	33.200
1957.000	30.900
1958.000	30.900
1959.000	27.400
1960.000	31.800
1961.000	31.000
1962.000	41.000
1963.000	46.500
1964.000	38.000
1965.000	29.800
1966.000	23.700
1967.000	41.100
1968.000	26.400
1969.000	25.200
1970.000	28.000
1971.000	31.400
1972.000	32.700
1973.000	30.600
1974.000	27.300
1975.000	27.400
1976.000	28.700
1977.000	32.700
1978.000	39.200
1979.000	36.600
1980.000	33.100
1981.000	27.800
1982.000	28.600
1983.000	32.500
1984.000	29.500
1985.000	33.300
1986.000	36.500
1987.000	39.100
1988.000	39.000
1989.000	35.400
1990.000	35.700
1991.000	37.500
1992.000	31.200
1993.000	27.800
1994.000	33.600
1995.000	30.000
1996.000	34.600
1997.000	37.900
1998.000	19.900
1999.000	33.200
2000.000	36.900
