200.000	9714.800
201.000	9693.900
202.000	9684.300
203.000	9675.400
204.000	9670.900
205.000	9665.900
206.000	9649.600
207.000	9633.400
208.000	9614.500
209.000	9595.600
210.000	9573.600
211.000	9551.500
212.000	9542.400
213.000	9536.500
214.000	9517.200
215.000	9492.000
216.000	9480.100
217.000	9476.500
218.000	9459.500
219.000	9430.700
220.000	9408.400
221.000	9394.400
222.000	9370.500
223.000	9329.200
224.000	9290.000
225.000	9255.900
226.000	9221.600
227.000	9187.700
228.000	9155.200
229.000	9131.800
230.000	9107.500
231.000	9061.400
232.000	9015.500
233.000	8975.600
234.000	8936.200
235.000	8898.200
236.000	8860.300
237.000	8813.200
238.000	8764.100
239.000	8721.100
240.000	8680.400
241.000	8633.700
242.000	8583.800
243.000	8543.900
244.000	8510.700
245.000	8477.100
246.000	8443.700
247.000	8422.200
248.000	8415.900
249.000	8402.200
250.000	8375.100
251.000	8347.600
252.000	8318.300
253.000	8290.900
254.000	8268.200
255.000	8248.800
256.000	8246.300
257.000	8243.700
258.000	8241.700
259.000	8239.200
260.000	8218.000
261.000	8196.700
262.000	8197.200
263.000	8198.600
264.000	8198.000
265.000	8197.400
266.000	8191.000
267.000	8183.900
268.000	8187.800
269.000	8195.200
270.000	8191.600
271.000	8183.800
272.000	8181.800
273.000	8182.200
274.000	8173.100
275.000	8156.700
276.000	8151.900
277.000	8157.400
278.000	8154.700
279.000	8142.800
280.000	8125.200
281.000	8099.500
282.000	8080.800
283.000	8074.400
284.000	8069.300
285.000	8068.000
286.000	8062.800
287.000	8047.100
288.000	8030.000
289.000	8007.600
290.000	7987.200
291.000	7976.500
292.000	7964.800
293.000	7949.200
294.000	7933.100
295.000	7922.100
296.000	7910.600
297.000	7899.900
298.000	7889.100
299.000	7869.900
300.000	7850.200
301.000	7849.800
302.000	7851.300
303.000	7837.300
304.000	7820.300
305.000	7810.400
306.000	7801.900
307.000	7805.000
308.000	7811.600
309.000	7814.400
310.000	7815.900
311.000	7822.300
312.000	7830.900
313.000	7824.700
314.000	7809.700
315.000	7819.500
316.000	7846.500
317.000	7865.600
318.000	7878.200
319.000	7890.800
320.000	7903.700
321.000	7919.500
322.000	7939.000
323.000	7946.500
324.000	7938.000
325.000	7948.300
326.000	7987.700
327.000	8023.400
328.000	8052.200
329.000	8081.600
330.000	8111.900
331.000	8140.500
332.000	8165.000
333.000	8186.000
334.000	8197.500
335.000	8210.700
336.000	8229.200
337.000	8248.400
338.000	8271.100
339.000	8291.300
340.000	8299.800
341.000	8311.500
342.000	8345.900
343.000	8379.900
344.000	8412.300
345.000	8441.900
346.000	8438.100
347.000	8435.200
348.000	8450.200
349.000	8465.700
350.000	8494.500
351.000	8523.400
352.000	8538.400
353.000	8553.600
354.000	8549.900
355.000	8545.700
356.000	8561.500
357.000	8578.400
358.000	8563.300
359.000	8545.900
360.000	8598.200
361.000	8657.300
362.000	8654.300
363.000	8643.900
364.000	8667.400
365.000	8695.600
366.000	8724.600
367.000	8753.900
368.000	8766.600
369.000	8776.200
370.000	8790.500
371.000	8805.900
372.000	8816.200
373.000	8825.100
374.000	8858.500
375.000	8898.000
376.000	8918.400
377.000	8933.100
378.000	8927.700
379.000	8915.600
380.000	8932.800
381.000	8960.000
382.000	8970.500
383.000	8975.100
384.000	9000.300
385.000	9033.100
386.000	9053.400
387.000	9068.600
388.000	9087.200
389.000	9107.000
390.000	9109.100
391.000	9103.400
392.000	9115.600
393.000	9136.100
394.000	9165.900
395.000	9200.400
396.000	9226.400
397.000	9248.900
398.000	9259.100
399.000	9263.300
400.000	9266.400
401.000	9269.200
402.000	9291.600
403.000	9323.600
404.000	9326.900
405.000	9316.100
406.000	9302.200
407.000	9286.900
408.000	9305.400
409.000	9340.200
410.000	9354.200
411.000	9357.900
412.000	9357.000
413.000	9353.200
414.000	9359.000
415.000	9369.800
416.000	9372.700
417.000	9372.500
418.000	9369.600
419.000	9365.600
420.000	9371.600
421.000	9382.400
422.000	9378.300
423.000	9368.300
424.000	9349.700
425.000	9327.500
426.000	9311.400
427.000	9297.900
428.000	9283.500
429.000	9268.800
430.000	9265.600
431.000	9266.200
432.000	9256.500
433.000	9243.400
434.000	9237.100
435.000	9232.700
436.000	9227.500
437.000	9222.100
438.000	9201.900
439.000	9177.600
440.000	9173.000
441.000	9172.700
442.000	9176.800
443.000	9181.900
444.000	9169.000
445.000	9152.800
446.000	9152.300
447.000	9154.900
448.000	9126.100
449.000	9092.400
450.000	9088.200
451.000	9086.800
452.000	9079.900
453.000	9072.000
454.000	9046.900
455.000	9020.400
456.000	9015.800
457.000	9012.100
458.000	9011.300
459.000	9010.500
460.000	9008.200
461.000	9004.900
462.000	8985.500
463.000	8967.100
464.000	8967.500
465.000	8967.100
466.000	8959.700
467.000	8952.300
468.000	8943.000
469.000	8931.600
470.000	8908.900
471.000	8889.100
472.000	8883.200
473.000	8883.100
474.000	8905.800
475.000	8918.300
476.000	8898.300
477.000	8886.400
478.000	8895.200
479.000	8905.000
480.000	8917.100
481.000	8925.900
482.000	8928.600
483.000	8930.700
484.000	8933.200
485.000	8939.000
486.000	8949.600
487.000	8944.200
488.000	8918.800
489.000	8902.900
490.000	8896.900
491.000	8882.400
492.000	8859.800
493.000	8824.400
494.000	8778.500
495.000	8739.300
496.000	8703.800
497.000	8654.600
498.000	8597.200
499.000	8538.500
500.000	8479.400
501.000	8441.100
502.000	8410.400
503.000	8359.200
504.000	8302.400
505.000	8252.000
506.000	8202.900
507.000	8149.400
508.000	8095.400
509.000	8058.800
510.000	8023.800
511.000	7989.500
512.000	7955.300
513.000	7939.500
514.000	7921.700
515.000	7875.900
516.000	7828.400
517.000	7769.800
518.000	7718.900
519.000	7708.500
520.000	7688.800
521.000	7637.900
522.000	7591.900
523.000	7558.100
524.000	7528.600
525.000	7506.400
526.000	7485.800
527.000	7466.900
528.000	7440.200
529.000	7403.800
530.000	7377.100
531.000	7360.700
532.000	7339.900
533.000	7316.100
534.000	7308.200
535.000	7311.100
536.000	7292.500
537.000	7263.400
538.000	7239.400
539.000	7217.300
540.000	7219.100
541.000	7227.300
542.000	7213.500
543.000	7195.400
544.000	7190.700
545.000	7186.900
546.000	7163.900
547.000	7141.300
548.000	7131.500
549.000	7120.200
550.000	7100.200
551.000	7078.800
552.000	7052.200
553.000	7034.100
554.000	7040.100
555.000	7038.100
556.000	7019.100
557.000	6999.200
558.000	6978.000
559.000	6961.000
560.000	6948.600
561.000	6936.500
562.000	6924.500
563.000	6914.300
564.000	6905.600
565.000	6890.500
566.000	6872.400
567.000	6859.900
568.000	6849.300
569.000	6826.600
570.000	6801.600
571.000	6796.600
572.000	6793.500
573.000	6776.600
574.000	6759.400
575.000	6742.300
576.000	6727.000
577.000	6724.500
578.000	6717.900
579.000	6697.700
580.000	6688.400
581.000	6705.000
582.000	6712.200
583.000	6704.600
584.000	6692.600
585.000	6674.800
586.000	6663.500
587.000	6657.600
588.000	6635.700
589.000	6604.800
590.000	6600.300
591.000	6606.200
592.000	6602.600
593.000	6596.900
594.000	6591.400
595.000	6586.000
596.000	6570.400
597.000	6556.600
598.000	6572.800
599.000	6583.100
600.000	6561.800
601.000	6544.400
602.000	6537.700
603.000	6527.600
604.000	6511.400
605.000	6496.400
606.000	6483.300
607.000	6473.500
608.000	6466.600
609.000	6448.900
610.000	6424.300
611.000	6401.600
612.000	6380.100
613.000	6363.200
614.000	6347.300
615.000	6336.200
616.000	6325.800
617.000	6323.000
618.000	6318.700
619.000	6302.500
620.000	6287.700
621.000	6276.400
622.000	6262.700
623.000	6243.000
624.000	6226.200
625.000	6214.100
626.000	6197.000
627.000	6175.000
628.000	6162.500
629.000	6156.400
630.000	6155.800
631.000	6157.800
632.000	6149.200
633.000	6138.700
634.000	6130.700
635.000	6123.200
636.000	6118.200
637.000	6112.900
638.000	6104.400
639.000	6096.500
640.000	6089.200
641.000	6078.000
642.000	6060.300
643.000	6057.800
644.000	6071.800
645.000	6065.600
646.000	6045.100
647.000	6045.800
648.000	6055.300
649.000	6049.500
650.000	6040.200
651.000	6037.600
652.000	6035.800
653.000	6028.500
654.000	6019.900
655.000	6002.200
656.000	5978.700
657.000	5939.800
658.000	5911.600
659.000	5899.900
660.000	5885.900
661.000	5870.300
662.000	5846.000
663.000	5816.800
664.000	5798.200
665.000	5783.100
666.000	5754.900
667.000	5724.600
668.000	5696.900
669.000	5668.800
670.000	5642.400
671.000	5619.200
672.000	5606.200
673.000	5592.100
674.000	5576.600
675.000	5567.400
676.000	5564.300
677.000	5546.800
678.000	5520.800
679.000	5502.200
680.000	5485.900
681.000	5475.800
682.000	5466.400
683.000	5448.300
684.000	5429.600
685.000	5408.100
686.000	5388.900
687.000	5377.100
688.000	5360.800
689.000	5338.200
690.000	5328.500
691.000	5330.000
692.000	5303.600
693.000	5263.800
694.000	5262.200
695.000	5269.700
696.000	5249.700
697.000	5229.400
698.000	5225.200
699.000	5217.500
700.000	5197.200
701.000	5178.300
702.000	5161.700
703.000	5147.000
704.000	5133.800
705.000	5117.600
706.000	5099.700
707.000	5090.800
708.000	5083.700
709.000	5060.000
710.000	5036.300
711.000	5037.600
712.000	5035.200
713.000	5020.600
714.000	5010.200
715.000	5008.500
716.000	5007.000
717.000	5005.700
718.000	4998.600
719.000	4988.500
720.000	4987.800
721.000	4989.600
722.000	4976.100
723.000	4961.200
724.000	4945.000
725.000	4927.500
726.000	4907.600
727.000	4898.300
728.000	4905.700
729.000	4899.300
730.000	4881.400
731.000	4870.600
732.000	4863.000
733.000	4855.600
734.000	4848.200
735.000	4840.900
736.000	4832.700
737.000	4820.200
738.000	4811.600
739.000	4811.300
740.000	4805.300
741.000	4792.300
742.000	4786.200
743.000	4784.100
744.000	4772.400
745.000	4758.200
746.000	4738.400
747.000	4718.900
748.000	4702.700
749.000	4688.900
750.000	4681.500
751.000	4671.500
752.000	4658.500
753.000	4646.200
754.000	4634.500
755.000	4623.700
756.000	4613.400
757.000	4614.400
758.000	4614.100
759.000	4599.000
760.000	4587.800
761.000	4586.900
762.000	4579.900
763.000	4564.400
764.000	4552.200
765.000	4541.600
766.000	4540.900
767.000	4543.200
768.000	4531.300
769.000	4519.800
770.000	4514.600
771.000	4508.300
772.000	4499.100
773.000	4490.700
774.000	4483.900
775.000	4478.400
776.000	4473.100
777.000	4453.700
778.000	4430.900
779.000	4444.000
780.000	4450.100
781.000	4423.200
782.000	4406.000
783.000	4408.300
784.000	4399.200
785.000	4380.300
786.000	4373.400
787.000	4371.500
788.000	4363.500
789.000	4353.100
790.000	4320.800
791.000	4296.100
792.000	4293.800
793.000	4290.200
794.000	4284.200
795.000	4273.300
796.000	4259.700
797.000	4245.700
798.000	4231.900
799.000	4213.800
800.000	4196.200
801.000	4179.400
802.000	4167.000
803.000	4161.500
804.000	4150.100
805.000	4134.300
806.000	4121.300
807.000	4109.500
808.000	4095.100
809.000	4080.600
810.000	4066.100
811.000	4052.600
812.000	4041.100
813.000	4030.500
814.000	4020.900
815.000	4006.600
816.000	3990.800
817.000	3971.400
818.000	3951.500
819.000	3931.400
820.000	3916.400
821.000	3912.800
822.000	3902.900
823.000	3886.900
824.000	3869.100
825.000	3851.000
826.000	3846.200
827.000	3841.900
828.000	3827.100
829.000	3811.300
830.000	3792.100
831.000	3785.200
832.000	3790.400
833.000	3786.900
834.000	3780.000
835.000	3760.300
836.000	3740.300
837.000	3727.300
838.000	3714.700
839.000	3703.600
840.000	3686.600
841.000	3664.300
842.000	3662.300
843.000	3667.600
844.000	3650.400
845.000	3633.100
846.000	3622.700
847.000	3611.400
848.000	3598.600
849.000	3581.300
850.000	3560.900
851.000	3552.300
852.000	3546.500
853.000	3525.300
854.000	3507.000
855.000	3498.100
856.000	3481.100
857.000	3453.600
858.000	3435.500
859.000	3422.700
860.000	3409.200
861.000	3396.600
862.000	3391.200
863.000	3381.900
864.000	3363.500
865.000	3349.200
866.000	3339.600
867.000	3324.400
868.000	3307.600
869.000	3305.000
870.000	3301.000
871.000	3287.300
872.000	3267.900
873.000	3240.300
874.000	3230.200
875.000	3230.300
876.000	3215.400
877.000	3197.800
878.000	3180.600
879.000	3167.600
880.000	3164.500
881.000	3158.300
882.000	3149.200
883.000	3130.600
884.000	3109.200
885.000	3102.900
886.000	3095.000
887.000	3081.400
888.000	3073.200
889.000	3071.700
890.000	3069.300
891.000	3067.000
892.000	3046.700
893.000	3029.200
894.000	3035.100
895.000	3033.300
896.000	3019.500
897.000	3000.100
898.000	2976.900
899.000	2979.800
900.000	2986.100
901.000	2982.300
902.000	2976.300
903.000	2964.900
904.000	2961.200
905.000	2963.300
906.000	2965.900
907.000	2968.700
908.000	2966.700
909.000	2964.600
910.000	2962.700
911.000	2974.400
912.000	2998.000
913.000	3005.900
914.000	3010.000
915.000	3028.300
916.000	3057.200
917.000	3112.800
918.000	3161.700
919.000	3204.500
920.000	3289.400
921.000	3387.000
922.000	3490.100
923.000	3598.300
924.000	3721.800
925.000	3812.800
926.000	3873.200
927.000	3888.400
928.000	3887.500
929.000	3773.900
930.000	3655.900
931.000	3527.400
932.000	3401.400
933.000	3277.800
934.000	3180.700
935.000	3091.500
936.000	3021.100
937.000	2956.700
938.000	2906.700
939.000	2862.000
940.000	2821.600
941.000	2792.300
942.000	2765.400
943.000	2740.500
944.000	2716.900
945.000	2696.100
946.000	2680.000
947.000	2667.500
948.000	2658.800
949.000	2651.200
950.000	2648.300
951.000	2638.000
952.000	2616.100
953.000	2612.900
954.000	2620.500
955.000	2609.500
956.000	2596.400
957.000	2580.500
958.000	2571.200
959.000	2570.400
960.000	2565.500
961.000	2558.500
962.000	2551.900
963.000	2546.200
964.000	2542.300
965.000	2534.700
966.000	2524.000
967.000	2523.600
968.000	2526.000
969.000	2518.200
970.000	2511.100
971.000	2505.500
972.000	2500.400
973.000	2495.300
974.000	2492.600
975.000	2490.400
976.000	2488.900
977.000	2486.200
978.000	2482.000
979.000	2472.100
980.000	2460.100
981.000	2455.700
982.000	2450.500
983.000	2443.500
984.000	2435.700
985.000	2427.400
986.000	2424.900
987.000	2423.400
988.000	2416.400
989.000	2408.300
990.000	2397.200
991.000	2392.400
992.000	2390.700
993.000	2389.800
994.000	2388.500
995.000	2385.000
996.000	2380.100
997.000	2374.300
998.000	2375.300
999.000	2377.200
1000.000	2371.000
1001.000	2360.000
1002.000	2342.100
1003.000	2338.500
1004.000	2341.600
1005.000	2352.600
1006.000	2355.300
1007.000	2335.700
1008.000	2334.200
1009.000	2346.400
1010.000	2332.400
1011.000	2316.500
1012.000	2313.900
1013.000	2311.200
1014.000	2308.400
1015.000	2312.600
1016.000	2318.900
1017.000	2314.300
1018.000	2309.400
1019.000	2304.700
1020.000	2296.900
1021.000	2287.200
1022.000	2293.800
1023.000	2299.700
1024.000	2299.700
1025.000	2296.800
1026.000	2291.500
1027.000	2289.800
1028.000	2288.400
1029.000	2280.400
1030.000	2276.800
1031.000	2277.800
1032.000	2279.200
1033.000	2279.800
1034.000	2270.900
1035.000	2263.200
1036.000	2258.000
1037.000	2257.600
1038.000	2259.500
1039.000	2257.000
1040.000	2259.100
1041.000	2272.700
1042.000	2271.500
1043.000	2260.600
1044.000	2264.200
1045.000	2266.600
1046.000	2260.300
1047.000	2255.600
1048.000	2251.900
1049.000	2252.800
1050.000	2253.400
1051.000	2249.200
1052.000	2244.900
1053.000	2240.500
1054.000	2239.900
1055.000	2240.700
1056.000	2244.300
1057.000	2247.400
1058.000	2250.200
1059.000	2257.400
1060.000	2265.400
1061.000	2266.300
1062.000	2269.900
1063.000	2277.100
1064.000	2280.800
1065.000	2283.400
1066.000	2283.600
1067.000	2278.700
1068.000	2264.600
1069.000	2247.700
1070.000	2229.800
1071.000	2227.500
1072.000	2220.200
1073.000	2203.500
1074.000	2201.600
1075.000	2206.900
1076.000	2215.500
1077.000	2214.300
1078.000	2191.900
1079.000	2178.100
1080.000	2168.800
1081.000	2170.500
1082.000	2170.500
1083.000	2165.400
1084.000	2165.300
1085.000	2167.600
1086.000	2166.500
1087.000	2160.300
1088.000	2144.100
1089.000	2138.200
1090.000	2137.900
1091.000	2144.600
1092.000	2148.600
1093.000	2146.500
1094.000	2141.800
1095.000	2135.500
1096.000	2125.300
1097.000	2118.700
1098.000	2119.800
1099.000	2114.700
1100.000	2106.200
1101.000	2110.100
1102.000	2108.600
1103.000	2097.200
1104.000	2088.600
1105.000	2082.000
1106.000	2084.700
1107.000	2085.600
1108.000	2083.500
1109.000	2090.400
1110.000	2098.300
1111.000	2081.200
1112.000	2078.600
1113.000	2094.900
1114.000	2089.800
1115.000	2080.000
1116.000	2077.900
1117.000	2075.900
1118.000	2073.300
1119.000	2075.900
1120.000	2076.700
1121.000	2066.500
1122.000	2064.300
1123.000	2069.700
1124.000	2063.700
1125.000	2058.300
1126.000	2057.600
1127.000	2058.200
1128.000	2059.800
1129.000	2053.500
1130.000	2051.600
1131.000	2060.100
1132.000	2054.300
1133.000	2041.900
1134.000	2040.900
1135.000	2040.300
1136.000	2040.500
1137.000	2032.400
1138.000	2024.300
1139.000	2034.500
1140.000	2038.400
1141.000	2035.600
1142.000	2032.200
1143.000	2031.300
1144.000	2039.900
1145.000	2034.500
1146.000	2019.100
1147.000	2026.000
1148.000	2027.000
1149.000	2011.400
1150.000	2012.900
1151.000	2022.000
1152.000	2015.400
1153.000	2011.400
1154.000	2010.300
1155.000	2010.000
1156.000	2009.100
1157.000	2003.000
1158.000	1992.600
1159.000	1978.500
1160.000	1980.100
1161.000	1984.000
1162.000	1988.900
1163.000	1988.100
1164.000	1984.500
1165.000	1981.200
1166.000	1981.000
1167.000	1985.200
1168.000	1979.600
1169.000	1973.100
1170.000	1977.600
1171.000	1980.000
1172.000	1980.800
1173.000	1966.600
1174.000	1954.200
1175.000	1949.700
1176.000	1943.100
1177.000	1937.100
1178.000	1948.000
1179.000	1956.000
1180.000	1960.500
1181.000	1950.400
1182.000	1941.300
1183.000	1947.200
1184.000	1941.300
1185.000	1927.800
1186.000	1935.100
1187.000	1939.100
1188.000	1937.600
1189.000	1940.300
1190.000	1944.200
1191.000	1945.900
1192.000	1939.800
1193.000	1927.100
1194.000	1918.500
1195.000	1911.100
1196.000	1906.000
1197.000	1912.600
1198.000	1921.900
1199.000	1917.200
1200.000	1915.900
1201.000	1917.500
1202.000	1915.800
1203.000	1914.400
1204.000	1914.500
1205.000	1912.000
1206.000	1907.700
1207.000	1900.400
1208.000	1902.700
1209.000	1914.800
1210.000	1901.800
1211.000	1893.900
1212.000	1903.400
1213.000	1901.600
1214.000	1896.200
1215.000	1897.200
1216.000	1894.800
1217.000	1889.000
1218.000	1880.700
1219.000	1881.200
1220.000	1899.400
1221.000	1891.300
1222.000	1875.500
1223.000	1873.300
1224.000	1872.400
1225.000	1872.500
1226.000	1870.200
1227.000	1871.700
1228.000	1880.100
1229.000	1880.000
1230.000	1876.600
1231.000	1869.500
1232.000	1873.600
1233.000	1884.800
1234.000	1876.200
1235.000	1872.900
1236.000	1876.000
1237.000	1868.000
1238.000	1862.500
1239.000	1870.200
1240.000	1867.700
1241.000	1859.900
1242.000	1851.400
1243.000	1851.300
1244.000	1859.500
1245.000	1852.600
1246.000	1850.100
1247.000	1857.800
1248.000	1855.900
1249.000	1851.400
1250.000	1847.900
1251.000	1848.300
1252.000	1850.700
1253.000	1847.100
1254.000	1839.300
1255.000	1825.900
1256.000	1832.700
1257.000	1836.700
1258.000	1830.600
1259.000	1824.200
1260.000	1819.000
1261.000	1820.900
1262.000	1822.200
1263.000	1823.300
1264.000	1820.200
1265.000	1811.200
1266.000	1796.100
1267.000	1815.100
1268.000	1825.400
1269.000	1810.900
1270.000	1810.400
1271.000	1812.300
1272.000	1806.900
1273.000	1803.800
1274.000	1802.100
1275.000	1796.400
1276.000	1794.800
1277.000	1796.900
1278.000	1794.300
1279.000	1789.100
1280.000	1780.400
1281.000	1772.700
1282.000	1766.600
1283.000	1764.100
1284.000	1764.900
1285.000	1765.900
1286.000	1759.100
1287.000	1771.100
1288.000	1794.300
1289.000	1786.800
1290.000	1766.100
1291.000	1731.500
1292.000	1736.200
1293.000	1745.000
1294.000	1756.000
1295.000	1742.600
1296.000	1725.700
1297.000	1713.200
1298.000	1716.500
1299.000	1722.200
1300.000	1708.800
1301.000	1712.400
1302.000	1724.600
1303.000	1714.900
1304.000	1713.300
1305.000	1719.700
1306.000	1701.200
1307.000	1691.200
1308.000	1693.000
1309.000	1707.800
1310.000	1712.700
1311.000	1696.000
1312.000	1688.900
1313.000	1688.000
1314.000	1697.000
1315.000	1694.600
1316.000	1687.200
1317.000	1677.900
1318.000	1679.800
1319.000	1686.000
1320.000	1675.600
1321.000	1670.100
1322.000	1668.000
1323.000	1670.400
1324.000	1669.800
1325.000	1666.200
1326.000	1667.800
1327.000	1663.600
1328.000	1651.000
1329.000	1645.400
1330.000	1644.400
1331.000	1649.800
1332.000	1644.400
1333.000	1643.600
1334.000	1658.800
1335.000	1657.700
1336.000	1655.800
1337.000	1666.100
1338.000	1668.900
1339.000	1672.500
1340.000	1693.100
1341.000	1703.900
1342.000	1710.400
1343.000	1720.300
1344.000	1732.300
1345.000	1746.500
1346.000	1768.300
1347.000	1778.400
1348.000	1779.500
1349.000	1769.400
1350.000	1747.300
1351.000	1715.000
1352.000	1700.300
1353.000	1688.600
1354.000	1679.400
1355.000	1672.600
1356.000	1662.200
1357.000	1647.800
1358.000	1645.100
1359.000	1644.400
1360.000	1645.900
1361.000	1642.500
1362.000	1633.600
1363.000	1617.700
1364.000	1626.700
1365.000	1630.300
1366.000	1618.800
1367.000	1616.800
1368.000	1617.500
1369.000	1620.100
1370.000	1615.300
1371.000	1612.200
1372.000	1615.100
1373.000	1618.100
1374.000	1616.900
1375.000	1607.500
1376.000	1613.300
1377.000	1622.000
1378.000	1628.800
1379.000	1620.100
1380.000	1611.400
1381.000	1611.900
1382.000	1614.900
1383.000	1618.300
1384.000	1621.500
1385.000	1628.100
1386.000	1634.000
1387.000	1636.300
1388.000	1634.700
1389.000	1633.700
1390.000	1637.200
1391.000	1651.400
1392.000	1661.700
1393.000	1656.200
1394.000	1665.200
1395.000	1674.000
1396.000	1675.800
1397.000	1691.700
1398.000	1706.700
1399.000	1712.200
1400.000	1719.300
1401.000	1729.800
1402.000	1746.100
1403.000	1752.900
1404.000	1763.500
1405.000	1784.700
1406.000	1804.200
1407.000	1820.500
1408.000	1832.300
1409.000	1848.500
1410.000	1864.300
1411.000	1879.000
1412.000	1889.900
1413.000	1898.500
1414.000	1905.000
1415.000	1892.900
1416.000	1883.700
1417.000	1879.300
1418.000	1870.400
1419.000	1858.100
1420.000	1842.200
1421.000	1815.100
1422.000	1799.300
1423.000	1791.700
1424.000	1775.700
1425.000	1757.400
1426.000	1739.200
1427.000	1729.700
1428.000	1706.800
1429.000	1682.000
1430.000	1687.900
1431.000	1670.700
1432.000	1648.800
1433.000	1649.000
1434.000	1635.000
1435.000	1617.000
1436.000	1599.700
1437.000	1591.600
1438.000	1588.700
1439.000	1592.100
1440.000	1582.700
1441.000	1570.000
1442.000	1555.200
1443.000	1550.500
1444.000	1550.000
1445.000	1553.800
1446.000	1536.800
1447.000	1529.000
1448.000	1529.100
1449.000	1528.500
1450.000	1525.200
1451.000	1517.700
1452.000	1492.100
1453.000	1491.700
1454.000	1500.000
1455.000	1496.700
1456.000	1487.400
1457.000	1484.100
1458.000	1498.400
1459.000	1485.800
1460.000	1478.500
1461.000	1487.100
1462.000	1492.200
1463.000	1488.600
1464.000	1475.500
1465.000	1478.000
1466.000	1475.500
1467.000	1470.500
1468.000	1476.900
1469.000	1466.600
1470.000	1452.100
1471.000	1452.800
1472.000	1460.000
1473.000	1461.500
1474.000	1446.000
1475.000	1449.600
1476.000	1455.800
1477.000	1462.200
1478.000	1448.200
1479.000	1439.400
1480.000	1437.800
1481.000	1458.800
1482.000	1461.100
1483.000	1457.500
1484.000	1469.400
1485.000	1452.400
1486.000	1438.100
1487.000	1449.800
1488.000	1453.100
1489.000	1452.300
1490.000	1447.100
1491.000	1441.400
1492.000	1446.700
1493.000	1456.800
1494.000	1446.800
1495.000	1445.500
1496.000	1446.300
1497.000	1440.400
1498.000	1446.700
1499.000	1450.700
1500.000	1447.600
1501.000	1446.800
1502.000	1442.200
1503.000	1434.800
1504.000	1436.500
1505.000	1441.700
1506.000	1446.000
1507.000	1441.100
1508.000	1446.500
1509.000	1452.800
1510.000	1456.800
1511.000	1454.900
1512.000	1456.600
1513.000	1462.600
1514.000	1478.200
1515.000	1470.700
1516.000	1458.300
1517.000	1461.800
1518.000	1470.800
1519.000	1478.200
1520.000	1482.100
1521.000	1485.900
1522.000	1485.000
1523.000	1483.100
1524.000	1496.800
1525.000	1496.400
1526.000	1491.800
1527.000	1489.400
1528.000	1484.500
1529.000	1490.400
1530.000	1507.200
1531.000	1513.800
1532.000	1513.900
1533.000	1512.700
1534.000	1516.700
1535.000	1524.300
1536.000	1528.300
1537.000	1526.800
1538.000	1526.300
1539.000	1532.600
1540.000	1543.200
1541.000	1552.700
1542.000	1564.400
1543.000	1568.500
1544.000	1558.900
1545.000	1573.500
1546.000	1582.200
1547.000	1586.800
1548.000	1594.400
1549.000	1605.700
1550.000	1614.000
1551.000	1615.600
1552.000	1632.100
1553.000	1644.900
1554.000	1654.600
1555.000	1661.700
1556.000	1670.900
1557.000	1679.200
1558.000	1686.000
1559.000	1675.400
1560.000	1681.200
1561.000	1696.800
1562.000	1702.800
1563.000	1713.100
1564.000	1719.500
1565.000	1718.500
1566.000	1735.600
1567.000	1752.300
1568.000	1766.700
1569.000	1773.000
1570.000	1788.000
1571.000	1796.200
1572.000	1792.900
1573.000	1803.700
1574.000	1816.100
1575.000	1829.400
1576.000	1844.500
1577.000	1842.900
1578.000	1848.600
1579.000	1866.100
1580.000	1898.100
1581.000	1903.000
1582.000	1906.800
1583.000	1926.300
1584.000	1928.900
1585.000	1942.500
1586.000	1961.600
1587.000	1972.000
1588.000	1992.400
1589.000	2007.400
1590.000	2013.200
1591.000	2029.100
1592.000	2041.800
1593.000	2056.000
1594.000	2076.800
1595.000	2089.400
1596.000	2107.000
1597.000	2124.900
1598.000	2126.600
1599.000	2164.700
1600.000	2189.700
1601.000	2191.900
1602.000	2210.300
1603.000	2227.900
1604.000	2247.900
1605.000	2273.100
1606.000	2284.200
1607.000	2300.500
1608.000	2318.600
1609.000	2330.000
1610.000	2341.600
1611.000	2365.900
1612.000	2398.500
1613.000	2408.600
1614.000	2427.800
1615.000	2451.000
1616.000	2476.600
1617.000	2502.300
1618.000	2501.700
1619.000	2504.800
1620.000	2536.100
1621.000	2543.800
1622.000	2551.300
1623.000	2562.100
1624.000	2581.600
1625.000	2568.100
1626.000	2568.500
1627.000	2585.600
1628.000	2613.300
1629.000	2623.400
1630.000	2620.000
1631.000	2608.200
1632.000	2611.400
1633.000	2626.600
1634.000	2629.300
1635.000	2616.800
1636.000	2636.800
1637.000	2635.000
1638.000	2624.900
1639.000	2615.200
1640.000	2625.300
1641.000	2613.600
1642.000	2606.000
1643.000	2619.300
1644.000	2605.700
1645.000	2605.100
1646.000	2601.000
1647.000	2578.000
1648.000	2569.100
1649.000	2566.000
1650.000	2559.000
1651.000	2537.100
1652.000	2513.600
1653.000	2498.100
1654.000	2489.000
1655.000	2483.800
1656.000	2458.000
1657.000	2438.200
1658.000	2423.400
1659.000	2411.700
1660.000	2381.100
1661.000	2364.300
1662.000	2346.400
1663.000	2307.300
1664.000	2296.200
1665.000	2274.300
1666.000	2248.000
1667.000	2226.700
1668.000	2203.000
1669.000	2170.000
1670.000	2135.900
1671.000	2110.200
1672.000	2081.900
1673.000	2059.600
1674.000	2034.100
1675.000	1996.700
1676.000	1969.600
1677.000	1952.000
1678.000	1933.100
1679.000	1905.900
1680.000	1881.100
1681.000	1852.600
1682.000	1821.100
1683.000	1789.500
1684.000	1778.700
1685.000	1754.700
1686.000	1723.700
1687.000	1690.200
1688.000	1655.600
1689.000	1637.500
1690.000	1618.100
1691.000	1596.500
1692.000	1578.600
1693.000	1555.600
1694.000	1529.400
1695.000	1502.300
1696.000	1478.700
1697.000	1452.900
1698.000	1428.900
1699.000	1411.500
1700.000	1402.700
1701.000	1365.500
1702.000	1338.900
1703.000	1318.600
1704.000	1299.400
1705.000	1263.900
1706.000	1242.300
1707.000	1228.000
1708.000	1216.100
1709.000	1199.000
1710.000	1175.200
1711.000	1155.100
1712.000	1136.800
1713.000	1115.700
1714.000	1102.400
1715.000	1084.700
1716.000	1068.000
1717.000	1055.600
1718.000	1048.300
1719.000	1030.700
1720.000	1008.400
1721.000	982.800
1722.000	955.300
1723.000	957.900
1724.000	957.000
1725.000	947.000
1726.000	926.700
1727.000	912.500
1728.000	898.700
1729.000	884.800
1730.000	871.900
1731.000	865.200
1732.000	842.400
1733.000	826.500
1734.000	817.300
1735.000	812.100
1736.000	805.700
1737.000	799.800
1738.000	783.000
1739.000	760.100
1740.000	755.200
1741.000	749.100
1742.000	736.400
1743.000	724.300
1744.000	718.200
1745.000	709.600
1746.000	704.400
1747.000	695.300
1748.000	680.200
1749.000	661.400
1750.000	646.800
1751.000	646.200
1752.000	644.900
1753.000	635.300
1754.000	621.400
1755.000	621.300
1756.000	618.500
1757.000	605.000
1758.000	581.200
1759.000	586.100
1760.000	577.500
1761.000	564.800
1762.000	554.200
1763.000	548.400
1764.000	540.100
1765.000	535.300
1766.000	523.400
1767.000	509.300
1768.000	515.400
1769.000	508.100
1770.000	504.900
1771.000	499.600
1772.000	490.000
1773.000	481.300
1774.000	470.900
1775.000	465.100
1776.000	460.500
1777.000	453.600
1778.000	436.900
1779.000	441.700
1780.000	430.600
1781.000	418.000
1782.000	417.300
1783.000	415.200
1784.000	415.900
1785.000	404.900
1786.000	393.500
1787.000	389.800
1788.000	375.100
1789.000	375.800
1790.000	376.800
1791.000	371.800
1792.000	358.800
1793.000	347.100
1794.000	344.000
1795.000	337.800
1796.000	332.800
1797.000	330.400
1798.000	318.100
1799.000	316.100
1800.000	310.100
1801.000	308.400
1802.000	311.200
1803.000	302.400
1804.000	290.500
1805.000	286.200
1806.000	279.300
1807.000	270.100
1808.000	271.300
1809.000	272.700
1810.000	267.200
1811.000	261.300
1812.000	255.700
1813.000	248.600
1814.000	244.900
1815.000	245.300
1816.000	246.200
1817.000	242.200
1818.000	230.900
1819.000	227.900
1820.000	230.600
1821.000	227.400
1822.000	218.200
1823.000	209.300
1824.000	212.000
1825.000	204.600
1826.000	200.000
1827.000	200.600
1828.000	199.900
1829.000	192.000
1830.000	181.800
1831.000	184.400
1832.000	182.600
1833.000	181.800
1834.000	179.900
1835.000	169.100
1836.000	174.600
1837.000	172.900
1838.000	174.300
1839.000	173.200
1840.000	167.600
1841.000	172.800
1842.000	164.600
1843.000	152.700
1844.000	154.100
1845.000	161.700
1846.000	158.500
1847.000	141.600
1848.000	135.300
1849.000	146.100
1850.000	147.000
1851.000	138.700
1852.000	139.600
1853.000	130.000
1854.000	137.300
1855.000	135.700
1856.000	133.700
1857.000	133.700
1858.000	129.700
1859.000	122.400
1860.000	130.900
1861.000	133.300
1862.000	125.600
1863.000	117.200
1864.000	121.100
1865.000	117.600
1866.000	115.700
1867.000	114.200
1868.000	115.100
1869.000	114.100
1870.000	107.000
1871.000	113.500
1872.000	110.400
1873.000	111.000
1874.000	112.600
1875.000	108.900
1876.000	99.000
1877.000	95.300
1878.000	99.100
1879.000	99.800
1880.000	98.700
1881.000	98.000
1882.000	95.400
1883.000	85.800
1884.000	91.100
1885.000	87.300
1886.000	90.000
1887.000	86.800
1888.000	82.300
1889.000	86.800
1890.000	87.400
1891.000	79.100
1892.000	87.400
1893.000	87.000
1894.000	82.800
1895.000	81.100
1896.000	77.800
1897.000	74.300
1898.000	88.600
1899.000	79.400
1900.000	74.600
1901.000	78.000
1902.000	80.400
1903.000	79.300
1904.000	78.800
1905.000	70.600
1906.000	74.600
1907.000	70.900
1908.000	66.800
1909.000	68.600
1910.000	62.700
1911.000	74.700
1912.000	63.000
1913.000	69.300
1914.000	64.600
1915.000	59.200
1916.000	64.100
1917.000	65.000
1918.000	59.200
1919.000	58.100
1920.000	63.600
1921.000	67.600
1922.000	65.700
1923.000	57.500
1924.000	49.000
1925.000	57.200
1926.000	46.500
1927.000	47.700
1928.000	51.600
1929.000	53.400
1930.000	51.700
1931.000	50.800
1932.000	54.900
1933.000	49.200
1934.000	57.900
1935.000	47.900
1936.000	50.000
1937.000	41.900
1938.000	30.800
1939.000	35.300
1940.000	49.100
1941.000	38.000
1942.000	43.300
1943.000	44.600
1944.000	47.900
1945.000	48.000
1946.000	47.900
1947.000	45.800
1948.000	36.200
1949.000	39.100
1950.000	32.000
1951.000	33.300
1952.000	34.400
1953.000	33.500
1954.000	34.600
1955.000	36.200
1956.000	35.400
1957.000	39.300
1958.000	28.600
1959.000	30.400
1960.000	37.700
1961.000	34.700
1962.000	34.600
1963.000	35.400
1964.000	32.000
1965.000	29.700
1966.000	32.100
1967.000	25.300
1968.000	38.800
1969.000	38.400
1970.000	40.100
1971.000	34.400
1972.000	28.600
1973.000	31.700
1974.000	40.300
1975.000	42.000
1976.000	29.400
1977.000	32.900
1978.000	42.600
1979.000	32.800
1980.000	30.700
1981.000	31.900
1982.000	31.300
1983.000	34.300
1984.000	41.700
1985.000	38.500
1986.000	29.200
1987.000	28.900
1988.000	34.200
1989.000	34.600
1990.000	32.100
1991.000	33.200
1992.000	32.300
1993.000	32.000
1994.000	35.900
1995.000	32.700
1996.000	24.300
1997.000	30.300
1998.000	29.200
1999.000	34.100
2000.000	40.200
