200.000	9749.900
201.000	9732.300
202.000	9708.400
203.000	9686.900
204.000	9678.500
205.000	9668.500
206.000	9638.800
207.000	9608.600
208.000	9628.700
209.000	9650.400
210.000	9620.100
211.000	9582.500
212.000	9572.800
213.000	9571.000
214.000	9552.700
215.000	9527.400
216.000	9502.400
217.000	9477.900
218.000	9453.800
219.000	9429.900
220.000	9406.400
221.000	9383.400
222.000	9351.400
223.000	9304.000
224.000	9262.400
225.000	9237.000
226.000	9213.600
227.000	9198.800
228.000	9182.600
229.000	9155.700
230.000	9127.700
231.000	9080.300
232.000	9033.500
233.000	8987.000
234.000	8940.500
235.000	8909.100
236.000	8879.700
237.000	8825.100
238.000	8764.400
239.000	8717.300
240.000	8675.200
241.000	8629.100
242.000	8581.000
243.000	8557.300
244.000	8550.500
245.000	8521.500
246.000	8471.400
247.000	8434.500
248.000	8414.300
249.000	8390.800
250.000	8361.400
251.000	8332.200
252.000	8302.700
253.000	8281.300
254.000	8287.300
255.000	8289.100
256.000	8270.900
257.000	8253.700
258.000	8247.700
259.000	8241.200
260.000	8222.600
261.000	8203.900
262.000	8202.900
263.000	8202.700
264.000	8202.100
265.000	8201.600
266.000	8200.800
267.000	8200.000
268.000	8202.600
269.000	8206.100
270.000	8203.300
271.000	8198.500
272.000	8197.300
273.000	8198.500
274.000	8186.300
275.000	8164.200
276.000	8158.300
277.000	8166.100
278.000	8158.000
279.000	8132.600
280.000	8111.400
281.000	8095.400
282.000	8081.400
283.000	8070.700
284.000	8059.800
285.000	8048.900
286.000	8037.900
287.000	8026.400
288.000	8014.700
289.000	8002.200
290.000	7990.200
291.000	7982.700
292.000	7974.700
293.000	7962.400
294.000	7949.800
295.000	7923.700
296.000	7898.000
297.000	7877.600
298.000	7857.300
299.000	7853.000
300.000	7849.900
301.000	7839.800
302.000	7829.200
303.000	7815.400
304.000	7801.000
305.000	7793.300
306.000	7787.200
307.000	7796.000
308.000	7809.400
309.000	7801.300
310.000	7784.300
311.000	7792.900
312.000	7813.600
313.000	7821.000
314.000	7820.500
315.000	7815.200
316.000	7805.900
317.000	7818.200
318.000	7847.900
319.000	7868.900
320.000	7881.400
321.000	7890.600
322.000	7895.800
323.000	7906.400
324.000	7924.000
325.000	7948.600
326.000	7983.600
327.000	8015.600
328.000	8042.200
329.000	8065.100
330.000	8079.600
331.000	8096.600
332.000	8119.200
333.000	8145.100
334.000	8180.800
335.000	8212.600
336.000	8230.300
337.000	8248.300
338.000	8267.700
339.000	8289.100
340.000	8322.200
341.000	8353.200
342.000	8370.300
343.000	8387.500
344.000	8404.900
345.000	8421.900
346.000	8437.300
347.000	8452.600
348.000	8463.200
349.000	8474.000
350.000	8489.400
351.000	8504.700
352.000	8512.700
353.000	8520.800
354.000	8539.500
355.000	8558.800
356.000	8541.500
357.000	8522.400
358.000	8530.500
359.000	8540.800
360.000	8581.100
361.000	8624.300
362.000	8631.000
363.000	8633.400
364.000	8655.500
365.000	8680.400
366.000	8694.200
367.000	8706.000
368.000	8733.700
369.000	8764.700
370.000	8793.900
371.000	8822.600
372.000	8831.600
373.000	8836.200
374.000	8838.400
375.000	8839.600
376.000	8861.800
377.000	8889.700
378.000	8901.500
379.000	8907.900
380.000	8943.300
381.000	8988.300
382.000	8980.200
383.000	8953.000
384.000	8967.300
385.000	8997.400
386.000	9019.600
387.000	9038.500
388.000	9053.200
389.000	9066.200
390.000	9076.800
391.000	9086.200
392.000	9108.100
393.000	9136.100
394.000	9149.400
395.000	9156.200
396.000	9167.500
397.000	9181.000
398.000	9197.000
399.000	9214.900
400.000	9246.400
401.000	9284.400
402.000	9294.600
403.000	9291.200
404.000	9304.000
405.000	9324.800
406.000	9326.300
407.000	9318.700
408.000	9326.100
409.000	9340.700
410.000	9343.100
411.000	9339.900
412.000	9347.300
413.000	9359.900
414.000	9377.500
415.000	9397.400
416.000	9390.200
417.000	9370.600
418.000	9360.200
419.000	9353.700
420.000	9358.400
421.000	9368.100
422.000	9361.800
423.000	9349.100
424.000	9345.700
425.000	9346.600
426.000	9325.500
427.000	9295.700
428.000	9282.000
429.000	9274.600
430.000	9271.600
431.000	9269.900
432.000	9248.200
433.000	9220.100
434.000	9223.500
435.000	9236.400
436.000	9228.000
437.000	9213.700
438.000	9211.400
439.000	9212.300
440.000	9191.700
441.000	9166.100
442.000	9153.300
443.000	9143.200
444.000	9147.300
445.000	9154.200
446.000	9135.500
447.000	9112.400
448.000	9098.100
449.000	9085.300
450.000	9080.800
451.000	9077.100
452.000	9062.100
453.000	9046.400
454.000	9041.000
455.000	9036.700
456.000	9026.500
457.000	9015.800
458.000	9003.700
459.000	8991.800
460.000	8970.900
461.000	8950.800
462.000	8953.500
463.000	8955.600
464.000	8951.500
465.000	8947.000
466.000	8939.000
467.000	8930.200
468.000	8913.700
469.000	8899.900
470.000	8902.800
471.000	8903.200
472.000	8890.400
473.000	8880.200
474.000	8880.400
475.000	8877.600
476.000	8865.200
477.000	8859.500
478.000	8871.300
479.000	8879.700
480.000	8880.100
481.000	8887.800
482.000	8909.800
483.000	8923.800
484.000	8924.200
485.000	8927.100
486.000	8933.700
487.000	8927.700
488.000	8906.900
489.000	8898.500
490.000	8903.700
491.000	8884.300
492.000	8842.500
493.000	8806.000
494.000	8773.100
495.000	8740.300
496.000	8707.600
497.000	8664.300
498.000	8615.900
499.000	8564.900
500.000	8512.700
501.000	8458.500
502.000	8403.500
503.000	8346.000
504.000	8287.400
505.000	8253.300
506.000	8224.600
507.000	8163.400
508.000	8097.400
509.000	8064.300
510.000	8033.800
511.000	7993.800
512.000	7953.400
513.000	7916.100
514.000	7878.500
515.000	7836.900
516.000	7796.400
517.000	7763.600
518.000	7733.300
519.000	7714.900
520.000	7687.600
521.000	7628.800
522.000	7581.400
523.000	7564.100
524.000	7538.300
525.000	7494.500
526.000	7466.600
527.000	7463.300
528.000	7440.000
529.000	7390.800
530.000	7362.100
531.000	7353.900
532.000	7350.000
533.000	7349.200
534.000	7326.900
535.000	7291.300
536.000	7267.000
537.000	7248.600
538.000	7242.400
539.000	7240.900
540.000	7221.200
541.000	7197.100
542.000	7190.200
543.000	7186.100
544.000	7182.600
545.000	7178.800
546.000	7158.800
547.000	7139.100
548.000	7124.700
549.000	7110.800
550.000	7100.300
551.000	7085.300
552.000	7051.700
553.000	7029.000
554.000	7037.600
555.000	7038.100
556.000	7021.000
557.000	7000.200
558.000	6973.900
559.000	6955.700
560.000	6946.700
561.000	6937.800
562.000	6928.900
563.000	6916.900
564.000	6902.500
565.000	6894.200
566.000	6888.700
567.000	6868.600
568.000	6843.600
569.000	6819.200
570.000	6794.600
571.000	6795.200
572.000	6797.900
573.000	6777.300
574.000	6756.400
575.000	6736.300
576.000	6719.500
577.000	6721.600
578.000	6720.900
579.000	6710.300
580.000	6704.500
581.000	6709.600
582.000	6707.600
583.000	6695.300
584.000	6680.700
585.000	6664.800
586.000	6660.900
587.000	6667.000
588.000	6659.200
589.000	6643.700
590.000	6630.200
591.000	6617.500
592.000	6603.400
593.000	6589.000
594.000	6588.700
595.000	6589.500
596.000	6564.400
597.000	6541.500
598.000	6552.700
599.000	6560.000
600.000	6545.500
601.000	6529.900
602.000	6510.400
603.000	6500.000
604.000	6507.500
605.000	6501.600
606.000	6478.600
607.000	6469.700
608.000	6473.800
609.000	6458.800
610.000	6432.700
611.000	6407.100
612.000	6381.500
613.000	6362.300
614.000	6344.500
615.000	6339.000
616.000	6334.800
617.000	6316.400
618.000	6298.100
619.000	6276.200
620.000	6259.800
621.000	6262.900
622.000	6256.700
623.000	6230.800
624.000	6209.700
625.000	6196.700
626.000	6191.500
627.000	6194.600
628.000	6186.800
629.000	6172.900
630.000	6161.300
631.000	6150.600
632.000	6135.700
633.000	6119.600
634.000	6118.700
635.000	6118.600
636.000	6117.000
637.000	6113.100
638.000	6095.500
639.000	6079.700
640.000	6068.100
641.000	6061.600
642.000	6062.800
643.000	6067.600
644.000	6076.500
645.000	6062.200
646.000	6031.500
647.000	6035.900
648.000	6055.600
649.000	6039.300
650.000	6014.700
651.000	6021.800
652.000	6030.300
653.000	6019.400
654.000	6008.300
655.000	5995.900
656.000	5980.500
657.000	5958.000
658.000	5928.100
659.000	5886.800
660.000	5864.600
661.000	5860.400
662.000	5842.600
663.000	5816.400
664.000	5800.600
665.000	5787.900
666.000	5756.200
667.000	5721.500
668.000	5679.700
669.000	5643.600
670.000	5646.700
671.000	5639.100
672.000	5598.100
673.000	5569.200
674.000	5559.500
675.000	5556.100
676.000	5558.600
677.000	5544.800
678.000	5521.600
679.000	5504.800
680.000	5489.700
681.000	5470.100
682.000	5450.100
683.000	5433.700
684.000	5418.900
685.000	5414.500
686.000	5404.700
687.000	5381.500
688.000	5363.900
689.000	5354.200
690.000	5336.600
691.000	5312.200
692.000	5297.500
693.000	5287.500
694.000	5276.100
695.000	5264.300
696.000	5249.500
697.000	5235.200
698.000	5234.700
699.000	5228.100
700.000	5200.600
701.000	5179.700
702.000	5171.300
703.000	5157.500
704.000	5138.700
705.000	5126.300
706.000	5117.700
707.000	5109.500
708.000	5101.500
709.000	5080.600
710.000	5059.200
711.000	5050.900
712.000	5044.700
713.000	5045.900
714.000	5039.000
715.000	5017.500
716.000	5006.700
717.000	5006.700
718.000	4999.500
719.000	4988.400
720.000	4996.700
721.000	5010.100
722.000	4986.700
723.000	4962.900
724.000	4958.100
725.000	4949.100
726.000	4925.900
727.000	4911.300
728.000	4909.700
729.000	4896.900
730.000	4875.300
731.000	4871.800
732.000	4876.200
733.000	4851.200
734.000	4821.400
735.000	4813.600
736.000	4806.900
737.000	4805.300
738.000	4801.700
739.000	4793.600
740.000	4791.400
741.000	4795.200
742.000	4787.200
743.000	4772.100
744.000	4762.400
745.000	4753.900
746.000	4734.600
747.000	4716.700
748.000	4714.500
749.000	4709.000
750.000	4694.500
751.000	4678.800
752.000	4660.900
753.000	4652.600
754.000	4650.700
755.000	4636.800
756.000	4619.300
757.000	4619.300
758.000	4619.900
759.000	4617.200
760.000	4611.100
761.000	4594.900
762.000	4583.900
763.000	4579.300
764.000	4567.000
765.000	4550.000
766.000	4544.300
767.000	4541.500
768.000	4524.100
769.000	4507.600
770.000	4504.500
771.000	4502.300
772.000	4502.100
773.000	4497.300
774.000	4486.600
775.000	4475.600
776.000	4464.600
777.000	4456.200
778.000	4448.400
779.000	4464.900
780.000	4473.300
781.000	4439.300
782.000	4417.300
783.000	4417.000
784.000	4411.600
785.000	4400.700
786.000	4394.100
787.000	4388.800
788.000	4376.700
789.000	4363.500
790.000	4348.800
791.000	4331.100
792.000	4304.500
793.000	4284.600
794.000	4273.400
795.000	4269.900
796.000	4270.700
797.000	4245.800
798.000	4214.800
799.000	4208.700
800.000	4202.600
801.000	4196.300
802.000	4191.400
803.000	4188.800
804.000	4170.300
805.000	4138.900
806.000	4133.800
807.000	4137.600
808.000	4106.200
809.000	4076.400
810.000	4071.800
811.000	4066.700
812.000	4061.500
813.000	4042.000
814.000	4008.900
815.000	4001.100
816.000	4002.800
817.000	3979.900
818.000	3955.300
819.000	3939.100
820.000	3927.300
821.000	3926.100
822.000	3916.000
823.000	3897.100
824.000	3884.000
825.000	3873.400
826.000	3862.600
827.000	3851.700
828.000	3839.200
829.000	3826.000
830.000	3810.000
831.000	3796.800
832.000	3786.400
833.000	3783.600
834.000	3783.400
835.000	3758.000
836.000	3732.700
837.000	3725.800
838.000	3721.500
839.000	3722.200
840.000	3707.200
841.000	3677.700
842.000	3663.600
843.000	3655.000
844.000	3648.600
845.000	3642.800
846.000	3640.000
847.000	3629.300
848.000	3605.500
849.000	3590.100
850.000	3581.000
851.000	3564.300
852.000	3545.800
853.000	3516.800
854.000	3494.600
855.000	3496.000
856.000	3488.500
857.000	3469.600
858.000	3455.400
859.000	3443.700
860.000	3409.100
861.000	3374.200
862.000	3375.200
863.000	3370.400
864.000	3351.700
865.000	3343.400
866.000	3344.500
867.000	3333.700
868.000	3319.000
869.000	3306.400
870.000	3295.700
871.000	3292.500
872.000	3282.100
873.000	3262.100
874.000	3247.100
875.000	3235.500
876.000	3215.400
877.000	3195.500
878.000	3193.000
879.000	3188.500
880.000	3179.500
881.000	3168.300
882.000	3155.200
883.000	3142.400
884.000	3129.900
885.000	3126.300
886.000	3118.600
887.000	3097.400
888.000	3084.600
889.000	3081.500
890.000	3075.800
891.000	3068.900
892.000	3056.800
893.000	3045.100
894.000	3036.400
895.000	3025.500
896.000	3011.100
897.000	3001.400
898.000	2994.400
899.000	2991.200
900.000	2989.000
901.000	2990.800
902.000	2988.600
903.000	2978.200
904.000	2968.100
905.000	2958.100
906.000	2957.500
907.000	2959.400
908.000	2972.800
909.000	2985.600
910.000	2995.900
911.000	2999.900
912.000	2998.300
913.000	3005.400
914.000	3015.000
915.000	3044.800
916.000	3077.800
917.000	3118.500
918.000	3162.100
919.000	3208.300
920.000	3284.400
921.000	3369.500
922.000	3475.300
923.000	3582.400
924.000	3693.400
925.000	3792.700
926.000	3881.000
927.000	3890.700
928.000	3874.800
929.000	3784.000
930.000	3681.900
931.000	3551.000
932.000	3421.200
933.000	3292.600
934.000	3195.900
935.000	3108.600
936.000	3034.500
937.000	2966.000
938.000	2911.000
939.000	2860.400
940.000	2813.900
941.000	2780.800
942.000	2752.200
943.000	2741.700
944.000	2731.200
945.000	2720.200
946.000	2699.500
947.000	2671.500
948.000	2661.100
949.000	2653.700
950.000	2649.100
951.000	2644.100
952.000	2638.800
953.000	2626.000
954.000	2608.400
955.000	2601.700
956.000	2595.200
957.000	2582.800
958.000	2576.300
959.000	2577.600
960.000	2579.700
961.000	2581.900
962.000	2567.700
963.000	2554.900
964.000	2546.900
965.000	2544.700
966.000	2547.700
967.000	2535.300
968.000	2519.400
969.000	2513.400
970.000	2511.400
971.000	2517.600
972.000	2514.000
973.000	2504.400
974.000	2503.400
975.000	2503.300
976.000	2501.600
977.000	2498.300
978.000	2493.000
979.000	2485.800
980.000	2477.900
981.000	2465.900
982.000	2456.100
983.000	2451.900
984.000	2441.800
985.000	2426.500
986.000	2433.900
987.000	2443.800
988.000	2430.100
989.000	2417.900
990.000	2407.700
991.000	2403.000
992.000	2401.000
993.000	2391.300
994.000	2383.000
995.000	2379.800
996.000	2377.500
997.000	2376.400
998.000	2374.500
999.000	2372.400
1000.000	2365.500
1001.000	2358.200
1002.000	2349.100
1003.000	2349.100
1004.000	2353.200
1005.000	2347.200
1006.000	2343.100
1007.000	2344.400
1008.000	2341.400
1009.000	2335.000
1010.000	2330.100
1011.000	2325.800
1012.000	2322.300
1013.000	2316.800
1014.000	2308.400
1015.000	2318.700
1016.000	2334.200
1017.000	2316.800
1018.000	2306.200
1019.000	2308.500
1020.000	2307.600
1021.000	2304.500
1022.000	2302.800
1023.000	2302.400
1024.000	2304.200
1025.000	2297.900
1026.000	2283.600
1027.000	2283.000
1028.000	2285.600
1029.000	2289.600
1030.000	2287.600
1031.000	2278.800
1032.000	2279.800
1033.000	2283.100
1034.000	2270.100
1035.000	2264.400
1036.000	2271.000
1037.000	2268.800
1038.000	2262.900
1039.000	2261.400
1040.000	2261.600
1041.000	2266.300
1042.000	2271.300
1043.000	2276.000
1044.000	2276.000
1045.000	2275.400
1046.000	2274.800
1047.000	2269.000
1048.000	2258.900
1049.000	2259.800
1050.000	2262.100
1051.000	2263.100
1052.000	2261.000
1053.000	2255.300
1054.000	2256.800
1055.000	2260.100
1056.000	2263.400
1057.000	2262.200
1058.000	2255.000
1059.000	2258.900
1060.000	2266.500
1061.000	2275.400
1062.000	2282.600
1063.000	2287.600
1064.000	2292.300
1065.000	2296.500
1066.000	2288.000
1067.000	2281.300
1068.000	2278.000
1069.000	2265.400
1070.000	2248.200
1071.000	2240.100
1072.000	2233.400
1073.000	2229.900
1074.000	2220.900
1075.000	2209.200
1076.000	2202.300
1077.000	2196.400
1078.000	2192.200
1079.000	2190.000
1080.000	2188.800
1081.000	2187.500
1082.000	2182.500
1083.000	2170.300
1084.000	2170.300
1085.000	2176.500
1086.000	2176.200
1087.000	2172.600
1088.000	2161.700
1089.000	2152.700
1090.000	2144.700
1091.000	2155.000
1092.000	2161.300
1093.000	2158.400
1094.000	2147.500
1095.000	2132.000
1096.000	2116.700
1097.000	2106.700
1098.000	2107.300
1099.000	2110.700
1100.000	2115.100
1101.000	2100.800
1102.000	2095.900
1103.000	2107.600
1104.000	2105.100
1105.000	2096.600
1106.000	2088.800
1107.000	2087.600
1108.000	2096.800
1109.000	2100.800
1110.000	2101.900
1111.000	2092.700
1112.000	2087.300
1113.000	2086.800
1114.000	2086.300
1115.000	2084.300
1116.000	2068.900
1117.000	2066.900
1118.000	2079.100
1119.000	2073.700
1120.000	2066.600
1121.000	2064.100
1122.000	2064.100
1123.000	2066.200
1124.000	2053.800
1125.000	2047.700
1126.000	2065.700
1127.000	2068.700
1128.000	2061.900
1129.000	2065.900
1130.000	2067.800
1131.000	2062.600
1132.000	2055.100
1133.000	2046.400
1134.000	2045.400
1135.000	2043.400
1136.000	2039.900
1137.000	2039.800
1138.000	2039.600
1139.000	2030.500
1140.000	2030.600
1141.000	2040.500
1142.000	2031.800
1143.000	2021.500
1144.000	2020.500
1145.000	2018.500
1146.000	2015.300
1147.000	2027.600
1148.000	2035.400
1149.000	2030.900
1150.000	2022.400
1151.000	2012.600
1152.000	2018.900
1153.000	2017.700
1154.000	2005.600
1155.000	2005.800
1156.000	2007.600
1157.000	1997.200
1158.000	1993.700
1159.000	1997.300
1160.000	2001.700
1161.000	2004.100
1162.000	2000.700
1163.000	1996.300
1164.000	1991.100
1165.000	1980.300
1166.000	1974.900
1167.000	1977.700
1168.000	1980.300
1169.000	1983.400
1170.000	1989.500
1171.000	1985.300
1172.000	1972.400
1173.000	1975.200
1174.000	1976.600
1175.000	1970.900
1176.000	1966.800
1177.000	1963.300
1178.000	1967.000
1179.000	1966.000
1180.000	1959.500
1181.000	1957.400
1182.000	1954.600
1183.000	1944.600
1184.000	1943.200
1185.000	1946.800
1186.000	1944.100
1187.000	1939.200
1188.000	1929.200
1189.000	1932.500
1190.000	1938.600
1191.000	1939.200
1192.000	1936.600
1193.000	1931.400
1194.000	1930.100
1195.000	1927.800
1196.000	1921.900
1197.000	1919.700
1198.000	1918.900
1199.000	1919.900
1200.000	1921.300
1201.000	1923.100
1202.000	1915.400
1203.000	1907.100
1204.000	1898.700
1205.000	1908.600
1206.000	1924.700
1207.000	1925.100
1208.000	1917.200
1209.000	1900.300
1210.000	1912.400
1211.000	1920.000
1212.000	1910.600
1213.000	1900.200
1214.000	1890.800
1215.000	1891.700
1216.000	1895.600
1217.000	1902.100
1218.000	1893.500
1219.000	1888.800
1220.000	1894.700
1221.000	1902.500
1222.000	1908.400
1223.000	1898.600
1224.000	1889.200
1225.000	1879.500
1226.000	1884.400
1227.000	1887.600
1228.000	1887.200
1229.000	1884.300
1230.000	1879.500
1231.000	1870.100
1232.000	1873.700
1233.000	1885.900
1234.000	1879.200
1235.000	1874.500
1236.000	1872.700
1237.000	1864.700
1238.000	1862.500
1239.000	1879.700
1240.000	1875.200
1241.000	1861.300
1242.000	1856.000
1243.000	1862.100
1244.000	1879.400
1245.000	1871.600
1246.000	1868.400
1247.000	1876.700
1248.000	1870.600
1249.000	1861.200
1250.000	1855.800
1251.000	1849.500
1252.000	1843.400
1253.000	1851.600
1254.000	1853.200
1255.000	1847.100
1256.000	1839.700
1257.000	1830.800
1258.000	1819.700
1259.000	1822.800
1260.000	1828.900
1261.000	1829.200
1262.000	1827.200
1263.000	1824.400
1264.000	1833.100
1265.000	1838.000
1266.000	1837.800
1267.000	1833.900
1268.000	1823.200
1269.000	1799.500
1270.000	1804.300
1271.000	1814.300
1272.000	1811.300
1273.000	1806.800
1274.000	1801.700
1275.000	1796.600
1276.000	1795.800
1277.000	1799.300
1278.000	1791.600
1279.000	1787.800
1280.000	1790.100
1281.000	1782.500
1282.000	1777.700
1283.000	1786.800
1284.000	1777.100
1285.000	1764.300
1286.000	1774.100
1287.000	1781.800
1288.000	1786.500
1289.000	1763.300
1290.000	1750.600
1291.000	1749.100
1292.000	1763.500
1293.000	1771.200
1294.000	1766.200
1295.000	1751.200
1296.000	1736.600
1297.000	1728.700
1298.000	1724.600
1299.000	1721.400
1300.000	1715.600
1301.000	1718.500
1302.000	1726.200
1303.000	1728.200
1304.000	1726.000
1305.000	1719.600
1306.000	1714.500
1307.000	1716.700
1308.000	1728.700
1309.000	1718.600
1310.000	1709.000
1311.000	1705.500
1312.000	1701.500
1313.000	1697.000
1314.000	1693.500
1315.000	1694.600
1316.000	1696.500
1317.000	1692.900
1318.000	1685.800
1319.000	1678.500
1320.000	1685.900
1321.000	1680.600
1322.000	1666.300
1323.000	1670.800
1324.000	1671.700
1325.000	1669.100
1326.000	1668.200
1327.000	1665.800
1328.000	1661.500
1329.000	1650.700
1330.000	1646.700
1331.000	1656.500
1332.000	1657.700
1333.000	1661.600
1334.000	1676.200
1335.000	1667.600
1336.000	1659.000
1337.000	1672.300
1338.000	1678.800
1339.000	1683.700
1340.000	1691.400
1341.000	1699.500
1342.000	1710.200
1343.000	1736.900
1344.000	1750.000
1345.000	1754.400
1346.000	1760.100
1347.000	1762.600
1348.000	1763.000
1349.000	1773.700
1350.000	1756.800
1351.000	1715.100
1352.000	1716.600
1353.000	1709.800
1354.000	1694.800
1355.000	1672.600
1356.000	1658.800
1357.000	1655.500
1358.000	1648.300
1359.000	1646.000
1360.000	1651.800
1361.000	1642.100
1362.000	1632.800
1363.000	1627.100
1364.000	1623.900
1365.000	1624.300
1366.000	1631.300
1367.000	1634.700
1368.000	1631.600
1369.000	1616.300
1370.000	1611.000
1371.000	1611.300
1372.000	1619.000
1373.000	1618.300
1374.000	1619.000
1375.000	1626.300
1376.000	1630.800
1377.000	1631.300
1378.000	1623.100
1379.000	1619.900
1380.000	1620.300
1381.000	1626.800
1382.000	1627.600
1383.000	1628.800
1384.000	1633.600
1385.000	1638.800
1386.000	1639.700
1387.000	1630.700
1388.000	1636.100
1389.000	1644.300
1390.000	1649.800
1391.000	1664.300
1392.000	1677.000
1393.000	1678.800
1394.000	1678.700
1395.000	1682.300
1396.000	1694.700
1397.000	1696.600
1398.000	1696.100
1399.000	1696.800
1400.000	1719.700
1401.000	1742.900
1402.000	1758.100
1403.000	1766.200
1404.000	1778.600
1405.000	1800.200
1406.000	1818.900
1407.000	1834.700
1408.000	1846.100
1409.000	1843.500
1410.000	1852.100
1411.000	1879.900
1412.000	1888.400
1413.000	1893.200
1414.000	1895.700
1415.000	1887.600
1416.000	1886.200
1417.000	1894.100
1418.000	1877.700
1419.000	1865.900
1420.000	1858.400
1421.000	1838.600
1422.000	1816.300
1423.000	1793.200
1424.000	1778.200
1425.000	1758.200
1426.000	1736.400
1427.000	1729.500
1428.000	1715.200
1429.000	1698.900
1430.000	1691.400
1431.000	1671.100
1432.000	1650.900
1433.000	1649.800
1434.000	1633.700
1435.000	1612.900
1436.000	1593.000
1437.000	1598.500
1438.000	1601.300
1439.000	1586.300
1440.000	1576.000
1441.000	1566.700
1442.000	1558.200
1443.000	1557.400
1444.000	1558.600
1445.000	1561.300
1446.000	1542.300
1447.000	1531.600
1448.000	1529.600
1449.000	1541.400
1450.000	1537.600
1451.000	1523.600
1452.000	1507.900
1453.000	1512.500
1454.000	1519.100
1455.000	1499.600
1456.000	1498.800
1457.000	1499.300
1458.000	1488.900
1459.000	1496.500
1460.000	1499.400
1461.000	1490.200
1462.000	1485.500
1463.000	1480.200
1464.000	1474.200
1465.000	1476.500
1466.000	1474.400
1467.000	1469.500
1468.000	1468.300
1469.000	1466.400
1470.000	1462.900
1471.000	1455.500
1472.000	1460.200
1473.000	1468.500
1474.000	1476.700
1475.000	1465.800
1476.000	1462.200
1477.000	1473.300
1478.000	1458.100
1479.000	1449.400
1480.000	1448.900
1481.000	1465.300
1482.000	1464.800
1483.000	1455.500
1484.000	1449.600
1485.000	1451.000
1486.000	1453.000
1487.000	1451.700
1488.000	1451.500
1489.000	1451.400
1490.000	1451.700
1491.000	1453.600
1492.000	1448.000
1493.000	1439.600
1494.000	1453.100
1495.000	1455.600
1496.000	1452.800
1497.000	1451.300
1498.000	1454.000
1499.000	1457.300
1500.000	1460.700
1501.000	1439.900
1502.000	1439.200
1503.000	1455.300
1504.000	1447.600
1505.000	1450.400
1506.000	1453.700
1507.000	1442.800
1508.000	1452.800
1509.000	1461.900
1510.000	1460.600
1511.000	1463.900
1512.000	1461.800
1513.000	1456.500
1514.000	1465.600
1515.000	1471.000
1516.000	1473.700
1517.000	1471.500
1518.000	1477.200
1519.000	1482.000
1520.000	1483.900
1521.000	1489.100
1522.000	1489.800
1523.000	1489.300
1524.000	1500.700
1525.000	1498.100
1526.000	1492.900
1527.000	1492.300
1528.000	1498.900
1529.000	1505.100
1530.000	1509.300
1531.000	1515.600
1532.000	1510.700
1533.000	1506.600
1534.000	1523.000
1535.000	1530.200
1536.000	1538.600
1537.000	1550.600
1538.000	1550.200
1539.000	1550.100
1540.000	1551.600
1541.000	1557.900
1542.000	1563.700
1543.000	1570.000
1544.000	1576.700
1545.000	1582.300
1546.000	1602.000
1547.000	1625.300
1548.000	1614.000
1549.000	1616.300
1550.000	1625.000
1551.000	1637.500
1552.000	1644.100
1553.000	1650.900
1554.000	1657.300
1555.000	1663.500
1556.000	1675.500
1557.000	1684.100
1558.000	1683.900
1559.000	1681.100
1560.000	1688.300
1561.000	1702.900
1562.000	1716.800
1563.000	1727.500
1564.000	1733.500
1565.000	1733.100
1566.000	1747.600
1567.000	1754.300
1568.000	1758.400
1569.000	1771.700
1570.000	1778.200
1571.000	1784.200
1572.000	1791.900
1573.000	1810.900
1574.000	1824.100
1575.000	1831.500
1576.000	1830.400
1577.000	1843.900
1578.000	1859.500
1579.000	1875.600
1580.000	1888.500
1581.000	1903.900
1582.000	1919.400
1583.000	1932.900
1584.000	1941.100
1585.000	1946.600
1586.000	1955.100
1587.000	1980.700
1588.000	1996.400
1589.000	2009.600
1590.000	2022.800
1591.000	2039.500
1592.000	2047.400
1593.000	2058.000
1594.000	2082.700
1595.000	2098.400
1596.000	2112.300
1597.000	2124.700
1598.000	2132.500
1599.000	2152.300
1600.000	2175.400
1601.000	2199.400
1602.000	2224.300
1603.000	2235.000
1604.000	2247.200
1605.000	2273.100
1606.000	2294.900
1607.000	2309.200
1608.000	2319.700
1609.000	2334.400
1610.000	2362.800
1611.000	2380.100
1612.000	2388.600
1613.000	2414.500
1614.000	2434.300
1615.000	2452.600
1616.000	2471.600
1617.000	2506.500
1618.000	2515.800
1619.000	2518.600
1620.000	2529.900
1621.000	2539.600
1622.000	2556.000
1623.000	2575.200
1624.000	2589.900
1625.000	2576.600
1626.000	2588.200
1627.000	2613.100
1628.000	2605.200
1629.000	2602.900
1630.000	2608.600
1631.000	2621.100
1632.000	2633.600
1633.000	2642.500
1634.000	2642.300
1635.000	2632.900
1636.000	2636.000
1637.000	2634.800
1638.000	2634.400
1639.000	2637.100
1640.000	2618.400
1641.000	2616.500
1642.000	2613.000
1643.000	2597.000
1644.000	2602.800
1645.000	2606.300
1646.000	2603.600
1647.000	2589.700
1648.000	2572.600
1649.000	2564.200
1650.000	2553.200
1651.000	2526.400
1652.000	2518.800
1653.000	2511.700
1654.000	2499.800
1655.000	2476.500
1656.000	2460.700
1657.000	2444.200
1658.000	2424.300
1659.000	2397.000
1660.000	2375.200
1661.000	2365.900
1662.000	2352.900
1663.000	2313.600
1664.000	2309.700
1665.000	2285.700
1666.000	2251.600
1667.000	2222.000
1668.000	2195.400
1669.000	2172.300
1670.000	2146.800
1671.000	2112.600
1672.000	2090.200
1673.000	2065.400
1674.000	2035.900
1675.000	1999.800
1676.000	1983.400
1677.000	1962.100
1678.000	1934.900
1679.000	1902.500
1680.000	1881.300
1681.000	1855.700
1682.000	1832.200
1683.000	1812.200
1684.000	1775.700
1685.000	1750.100
1686.000	1727.100
1687.000	1703.300
1688.000	1677.100
1689.000	1649.800
1690.000	1619.800
1691.000	1592.100
1692.000	1579.400
1693.000	1557.900
1694.000	1536.500
1695.000	1512.100
1696.000	1478.100
1697.000	1459.800
1698.000	1427.000
1699.000	1393.100
1700.000	1371.400
1701.000	1360.800
1702.000	1344.000
1703.000	1322.400
1704.000	1298.800
1705.000	1283.700
1706.000	1266.500
1707.000	1245.300
1708.000	1221.300
1709.000	1199.000
1710.000	1170.800
1711.000	1148.200
1712.000	1130.800
1713.000	1116.300
1714.000	1109.000
1715.000	1092.100
1716.000	1074.500
1717.000	1061.400
1718.000	1051.600
1719.000	1038.600
1720.000	1026.100
1721.000	1011.900
1722.000	988.300
1723.000	967.300
1724.000	952.500
1725.000	941.700
1726.000	929.400
1727.000	902.100
1728.000	899.900
1729.000	891.200
1730.000	868.400
1731.000	845.600
1732.000	844.000
1733.000	842.500
1734.000	835.600
1735.000	819.900
1736.000	800.900
1737.000	784.100
1738.000	773.900
1739.000	768.600
1740.000	761.000
1741.000	751.100
1742.000	744.300
1743.000	734.900
1744.000	719.200
1745.000	707.500
1746.000	705.200
1747.000	698.800
1748.000	684.500
1749.000	660.800
1750.000	657.800
1751.000	652.800
1752.000	642.200
1753.000	628.400
1754.000	625.700
1755.000	634.900
1756.000	624.700
1757.000	603.300
1758.000	586.600
1759.000	586.500
1760.000	576.200
1761.000	569.600
1762.000	564.600
1763.000	553.000
1764.000	537.900
1765.000	536.300
1766.000	528.300
1767.000	513.400
1768.000	510.600
1769.000	499.200
1770.000	500.900
1771.000	498.600
1772.000	485.900
1773.000	475.900
1774.000	474.600
1775.000	468.800
1776.000	460.500
1777.000	451.800
1778.000	442.700
1779.000	445.800
1780.000	433.900
1781.000	420.600
1782.000	419.100
1783.000	418.200
1784.000	412.700
1785.000	401.500
1786.000	393.700
1787.000	394.400
1788.000	389.900
1789.000	375.300
1790.000	371.500
1791.000	366.300
1792.000	352.000
1793.000	359.700
1794.000	355.600
1795.000	351.500
1796.000	343.500
1797.000	332.700
1798.000	336.000
1799.000	321.600
1800.000	312.700
1801.000	308.200
1802.000	303.800
1803.000	296.700
1804.000	297.100
1805.000	290.100
1806.000	282.100
1807.000	276.900
1808.000	275.700
1809.000	273.400
1810.000	271.100
1811.000	267.100
1812.000	260.300
1813.000	251.500
1814.000	249.200
1815.000	249.200
1816.000	245.600
1817.000	240.400
1818.000	236.800
1819.000	236.100
1820.000	226.500
1821.000	222.700
1822.000	217.300
1823.000	210.400
1824.000	211.300
1825.000	204.600
1826.000	199.700
1827.000	198.800
1828.000	201.400
1829.000	203.600
1830.000	196.500
1831.000	174.500
1832.000	178.700
1833.000	190.500
1834.000	191.800
1835.000	174.500
1836.000	169.400
1837.000	172.200
1838.000	174.100
1839.000	169.900
1840.000	161.400
1841.000	162.100
1842.000	158.500
1843.000	161.900
1844.000	160.100
1845.000	154.200
1846.000	151.000
1847.000	152.400
1848.000	152.200
1849.000	153.200
1850.000	145.100
1851.000	137.100
1852.000	146.200
1853.000	144.600
1854.000	135.200
1855.000	130.400
1856.000	131.400
1857.000	133.400
1858.000	128.400
1859.000	134.300
1860.000	127.000
1861.000	120.200
1862.000	117.500
1863.000	118.700
1864.000	121.700
1865.000	118.300
1866.000	108.800
1867.000	112.100
1868.000	115.800
1869.000	115.500
1870.000	114.800
1871.000	110.400
1872.000	103.400
1873.000	102.900
1874.000	101.400
1875.000	100.500
1876.000	103.500
1877.000	105.700
1878.000	97.200
1879.000	97.800
1880.000	97.400
1881.000	96.300
1882.000	98.000
1883.000	102.900
1884.000	92.300
1885.000	85.100
1886.000	90.900
1887.000	96.000
1888.000	93.000
1889.000	85.500
1890.000	77.700
1891.000	85.600
1892.000	82.900
1893.000	83.300
1894.000	82.800
1895.000	79.000
1896.000	77.600
1897.000	83.900
1898.000	79.500
1899.000	76.200
1900.000	71.600
1901.000	70.800
1902.000	74.700
1903.000	74.400
1904.000	74.700
1905.000	74.700
1906.000	68.100
1907.000	66.400
1908.000	66.600
1909.000	65.900
1910.000	72.100
1911.000	55.600
1912.000	66.300
1913.000	67.000
1914.000	68.500
1915.000	69.900
1916.000	67.800
1917.000	62.800
1918.000	56.900
1919.000	57.400
1920.000	65.400
1921.000	61.600
1922.000	56.200
1923.000	52.500
1924.000	47.000
1925.000	58.500
1926.000	58.400
1927.000	55.500
1928.000	49.700
1929.000	51.500
1930.000	56.800
1931.000	56.100
1932.000	48.500
1933.000	49.700
1934.000	51.500
1935.000	46.800
1936.000	51.100
1937.000	50.000
1938.000	48.200
1939.000	51.300
1940.000	47.400
1941.000	33.300
1942.000	38.300
1943.000	40.100
1944.000	43.000
1945.000	43.200
1946.000	40.200
1947.000	37.700
1948.000	37.700
1949.000	36.300
1950.000	37.900
1951.000	41.800
1952.000	43.900
1953.000	39.200
1954.000	35.600
1955.000	34.700
1956.000	32.900
1957.000	39.100
1958.000	29.000
1959.000	21.400
1960.000	26.100
1961.000	36.100
1962.000	38.100
1963.000	32.500
1964.000	29.900
1965.000	33.800
1966.000	35.100
1967.000	39.900
1968.000	32.900
1969.000	34.500
1970.000	36.600
1971.000	39.500
1972.000	37.500
1973.000	31.900
1974.000	31.400
1975.000	35.900
1976.000	27.800
1977.000	28.700
1978.000	35.900
1979.000	34.500
1980.000	29.700
1981.000	32.800
1982.000	40.300
1983.000	41.400
1984.000	35.700
1985.000	34.900
1986.000	27.500
1987.000	33.300
1988.000	35.800
1989.000	36.100
1990.000	41.100
1991.000	39.400
1992.000	33.400
1993.000	32.300
1994.000	33.800
1995.000	28.700
1996.000	25.700
1997.000	26.600
1998.000	31.800
1999.000	34.300
2000.000	34.400
