200.000	9638.100
201.000	9619.300
202.000	9624.000
203.000	9624.400
204.000	9599.000
205.000	9574.100
206.000	9560.500
207.000	9546.700
208.000	9532.700
209.000	9518.100
210.000	9509.100
211.000	9501.100
212.000	9477.000
213.000	9448.800
214.000	9431.900
215.000	9419.800
216.000	9402.100
217.000	9380.700
218.000	9369.900
219.000	9368.000
220.000	9349.100
221.000	9308.600
222.000	9273.400
223.000	9247.400
224.000	9215.400
225.000	9168.600
226.000	9125.900
227.000	9098.600
228.000	9071.200
229.000	9042.900
230.000	9013.800
231.000	8967.500
232.000	8921.000
233.000	8876.700
234.000	8832.500
235.000	8804.600
236.000	8778.700
237.000	8731.600
238.000	8679.700
239.000	8640.600
240.000	8606.000
241.000	8566.300
242.000	8523.300
243.000	8486.900
244.000	8455.300
245.000	8411.300
246.000	8355.900
247.000	8322.700
248.000	8317.700
249.000	8303.400
250.000	8273.200
251.000	8244.600
252.000	8220.100
253.000	8199.800
254.000	8193.700
255.000	8187.900
256.000	8182.900
257.000	8176.600
258.000	8154.900
259.000	8133.900
260.000	8130.000
261.000	8126.100
262.000	8120.300
263.000	8114.700
264.000	8113.900
265.000	8113.800
266.000	8115.200
267.000	8117.000
268.000	8119.300
269.000	8121.500
270.000	8111.300
271.000	8095.900
272.000	8089.300
273.000	8086.900
274.000	8087.200
275.000	8089.600
276.000	8084.800
277.000	8073.100
278.000	8061.900
279.000	8050.900
280.000	8031.800
281.000	8001.200
282.000	7982.100
283.000	7982.600
284.000	7985.100
285.000	7992.300
286.000	7988.200
287.000	7951.500
288.000	7922.500
289.000	7922.600
290.000	7918.600
291.000	7890.400
292.000	7864.300
293.000	7858.000
294.000	7851.400
295.000	7840.500
296.000	7829.500
297.000	7817.000
298.000	7804.200
299.000	7790.700
300.000	7777.200
301.000	7773.500
302.000	7771.000
303.000	7752.600
304.000	7731.800
305.000	7719.800
306.000	7710.000
307.000	7722.100
308.000	7741.200
309.000	7743.100
310.000	7738.300
311.000	7736.700
312.000	7736.800
313.000	7735.900
314.000	7734.300
315.000	7744.200
316.000	7761.700
317.000	7782.000
318.000	7803.900
319.000	7813.900
320.000	7812.100
321.000	7817.500
322.000	7830.800
323.000	7851.600
324.000	7881.800
325.000	7904.800
326.000	7917.400
327.000	7935.700
328.000	7963.900
329.000	7996.700
330.000	8039.100
331.000	8069.800
332.000	8071.300
333.000	8084.600
334.000	8129.800
335.000	8166.300
336.000	8172.200
337.000	8183.200
338.000	8215.300
339.000	8243.400
340.000	8251.800
341.000	8264.800
342.000	8309.100
343.000	8350.400
344.000	8366.100
345.000	8381.600
346.000	8390.100
347.000	8398.300
348.000	8408.700
349.000	8419.100
350.000	8430.600
351.000	8442.100
352.000	8459.400
353.000	8476.900
354.000	8500.000
355.000	8522.600
356.000	8504.900
357.000	8485.100
358.000	8502.600
359.000	8522.600
360.000	8552.600
361.000	8583.400
362.000	8604.100
363.000	8623.200
364.000	8631.100
365.000	8637.800
366.000	8655.900
367.000	8676.200
368.000	8708.300
369.000	8742.900
370.000	8744.600
371.000	8738.900
372.000	8778.400
373.000	8829.300
374.000	8843.300
375.000	8847.700
376.000	8860.200
377.000	8875.500
378.000	8879.400
379.000	8879.900
380.000	8901.900
381.000	8931.200
382.000	8923.200
383.000	8901.600
384.000	8927.400
385.000	8971.300
386.000	8989.400
387.000	8997.000
388.000	9004.200
389.000	9010.800
390.000	9033.000
391.000	9061.800
392.000	9072.300
393.000	9075.000
394.000	9106.400
395.000	9150.900
396.000	9169.200
397.000	9175.600
398.000	9182.900
399.000	9191.400
400.000	9207.000
401.000	9225.700
402.000	9234.400
403.000	9238.100
404.000	9250.000
405.000	9265.800
406.000	9268.500
407.000	9264.900
408.000	9267.500
409.000	9273.000
410.000	9280.800
411.000	9289.500
412.000	9295.900
413.000	9301.400
414.000	9314.100
415.000	9330.200
416.000	9320.900
417.000	9299.500
418.000	9306.200
419.000	9325.800
420.000	9335.900
421.000	9341.900
422.000	9324.000
423.000	9295.800
424.000	9292.900
425.000	9300.400
426.000	9283.000
427.000	9255.800
428.000	9238.500
429.000	9224.600
430.000	9214.600
431.000	9206.200
432.000	9198.600
433.000	9191.500
434.000	9192.700
435.000	9197.000
436.000	9181.800
437.000	9161.100
438.000	9151.500
439.000	9145.100
440.000	9137.200
441.000	9129.100
442.000	9124.400
443.000	9120.300
444.000	9096.900
445.000	9070.200
446.000	9059.500
447.000	9051.700
448.000	9043.800
449.000	9035.800
450.000	9029.900
451.000	9024.600
452.000	9031.700
453.000	9039.300
454.000	9011.200
455.000	8980.700
456.000	8970.600
457.000	8960.900
458.000	8959.600
459.000	8958.000
460.000	8944.600
461.000	8931.800
462.000	8928.100
463.000	8924.300
464.000	8915.900
465.000	8906.900
466.000	8893.800
467.000	8881.900
468.000	8880.800
469.000	8879.900
470.000	8878.000
471.000	8872.000
472.000	8845.700
473.000	8826.200
474.000	8831.700
475.000	8833.700
476.000	8824.100
477.000	8816.400
478.000	8813.500
479.000	8818.400
480.000	8840.300
481.000	8856.300
482.000	8861.100
483.000	8866.200
484.000	8872.100
485.000	8877.800
486.000	8883.300
487.000	8881.000
488.000	8869.000
489.000	8877.400
490.000	8907.000
491.000	8896.300
492.000	8848.600
493.000	8792.200
494.000	8729.200
495.000	8673.300
496.000	8622.500
497.000	8573.800
498.000	8527.000
499.000	8469.700
500.000	8407.900
501.000	8367.500
502.000	8335.100
503.000	8287.600
504.000	8235.800
505.000	8207.700
506.000	8184.300
507.000	8121.600
508.000	8052.800
509.000	8029.500
510.000	8010.400
511.000	7974.900
512.000	7938.600
513.000	7886.700
514.000	7836.200
515.000	7810.600
516.000	7782.100
517.000	7731.800
518.000	7685.700
519.000	7658.700
520.000	7631.700
521.000	7603.800
522.000	7571.200
523.000	7525.000
524.000	7486.200
525.000	7461.700
526.000	7439.900
527.000	7421.800
528.000	7395.200
529.000	7358.100
530.000	7335.900
531.000	7329.100
532.000	7315.800
533.000	7298.400
534.000	7277.900
535.000	7255.500
536.000	7235.200
537.000	7215.100
538.000	7211.000
539.000	7212.500
540.000	7190.500
541.000	7162.300
542.000	7151.300
543.000	7143.000
544.000	7122.300
545.000	7100.300
546.000	7093.800
547.000	7087.000
548.000	7076.100
549.000	7064.500
550.000	7047.900
551.000	7031.900
552.000	7017.300
553.000	7004.300
554.000	6995.300
555.000	6982.300
556.000	6960.200
557.000	6941.900
558.000	6930.500
559.000	6919.300
560.000	6908.400
561.000	6900.500
562.000	6894.900
563.000	6890.600
564.000	6887.000
565.000	6864.700
566.000	6833.400
567.000	6822.100
568.000	6817.300
569.000	6800.000
570.000	6780.000
571.000	6768.300
572.000	6757.200
573.000	6741.700
574.000	6725.500
575.000	6708.600
576.000	6694.100
577.000	6692.800
578.000	6690.400
579.000	6682.700
580.000	6670.000
581.000	6645.900
582.000	6634.000
583.000	6641.700
584.000	6636.500
585.000	6617.500
586.000	6606.200
587.000	6601.700
588.000	6590.500
589.000	6575.700
590.000	6576.900
591.000	6584.000
592.000	6566.700
593.000	6543.600
594.000	6539.300
595.000	6537.800
596.000	6530.200
597.000	6523.100
598.000	6520.800
599.000	6516.900
600.000	6505.500
601.000	6497.500
602.000	6501.100
603.000	6493.700
604.000	6465.800
605.000	6447.100
606.000	6440.600
607.000	6429.000
608.000	6413.400
609.000	6405.400
610.000	6401.800
611.000	6395.800
612.000	6388.600
613.000	6373.900
614.000	6356.900
615.000	6320.200
616.000	6281.400
617.000	6279.700
618.000	6275.100
619.000	6248.400
620.000	6226.700
621.000	6224.400
622.000	6218.600
623.000	6204.700
624.000	6189.600
625.000	6173.200
626.000	6162.100
627.000	6156.400
628.000	6147.800
629.000	6137.700
630.000	6126.300
631.000	6114.100
632.000	6116.100
633.000	6120.800
634.000	6095.000
635.000	6068.000
636.000	6064.800
637.000	6061.000
638.000	6055.100
639.000	6050.100
640.000	6048.600
641.000	6033.700
642.000	5996.200
643.000	5992.400
644.000	6025.000
645.000	6022.900
646.000	5996.300
647.000	5986.500
648.000	5983.900
649.000	5978.800
650.000	5973.100
651.000	5973.200
652.000	5972.400
653.000	5951.300
654.000	5933.300
655.000	5930.800
656.000	5922.100
657.000	5895.800
658.000	5873.000
659.000	5855.600
660.000	5832.100
661.000	5802.800
662.000	5769.300
663.000	5733.200
664.000	5731.100
665.000	5740.200
666.000	5704.400
667.000	5662.400
668.000	5637.100
669.000	5611.900
670.000	5588.600
671.000	5568.200
672.000	5555.600
673.000	5544.400
674.000	5535.200
675.000	5516.300
676.000	5487.700
677.000	5474.000
678.000	5468.900
679.000	5460.200
680.000	5450.200
681.000	5437.400
682.000	5423.800
683.000	5389.300
684.000	5359.600
685.000	5359.100
686.000	5350.300
687.000	5319.700
688.000	5297.100
689.000	5286.400
690.000	5274.700
691.000	5262.800
692.000	5254.100
693.000	5246.500
694.000	5231.200
695.000	5213.800
696.000	5204.800
697.000	5196.500
698.000	5192.400
699.000	5182.400
700.000	5150.000
701.000	5125.900
702.000	5116.700
703.000	5103.600
704.000	5085.700
705.000	5070.100
706.000	5055.700
707.000	5049.200
708.000	5044.800
709.000	5015.600
710.000	4986.900
711.000	4998.900
712.000	5004.000
713.000	4982.300
714.000	4972.000
715.000	4983.100
716.000	4981.600
717.000	4967.200
718.000	4961.400
719.000	4960.300
720.000	4944.200
721.000	4923.800
722.000	4931.900
723.000	4939.100
724.000	4919.600
725.000	4904.300
726.000	4902.000
727.000	4896.700
728.000	4887.000
729.000	4871.600
730.000	4851.700
731.000	4836.400
732.000	4822.500
733.000	4810.200
734.000	4798.300
735.000	4787.900
736.000	4779.300
737.000	4780.400
738.000	4777.300
739.000	4765.100
740.000	4755.500
741.000	4749.000
742.000	4738.200
743.000	4725.000
744.000	4715.000
745.000	4706.300
746.000	4694.500
747.000	4681.600
748.000	4661.500
749.000	4649.500
750.000	4658.600
751.000	4652.700
752.000	4628.500
753.000	4611.900
754.000	4599.800
755.000	4593.200
756.000	4587.900
757.000	4571.500
758.000	4555.600
759.000	4550.000
760.000	4545.400
761.000	4543.600
762.000	4543.100
763.000	4545.300
764.000	4536.900
765.000	4521.600
766.000	4508.400
767.000	4495.200
768.000	4478.700
769.000	4463.800
770.000	4463.100
771.000	4460.400
772.000	4453.300
773.000	4448.000
774.000	4444.500
775.000	4427.500
776.000	4403.300
777.000	4409.600
778.000	4423.100
779.000	4407.200
780.000	4391.400
781.000	4378.400
782.000	4369.800
783.000	4368.800
784.000	4363.900
785.000	4355.800
786.000	4346.500
787.000	4336.300
788.000	4319.200
789.000	4301.300
790.000	4286.400
791.000	4272.100
792.000	4260.400
793.000	4243.900
794.000	4221.600
795.000	4216.100
796.000	4220.700
797.000	4202.600
798.000	4178.900
799.000	4170.600
800.000	4163.000
801.000	4158.800
802.000	4149.100
803.000	4130.100
804.000	4111.300
805.000	4093.300
806.000	4093.100
807.000	4099.000
808.000	4068.300
809.000	4038.600
810.000	4030.500
811.000	4021.000
812.000	4008.400
813.000	3994.500
814.000	3979.600
815.000	3970.400
816.000	3963.600
817.000	3933.900
818.000	3907.000
819.000	3922.200
820.000	3923.100
821.000	3889.800
822.000	3860.900
823.000	3836.000
824.000	3826.600
825.000	3823.700
826.000	3812.400
827.000	3799.900
828.000	3785.600
829.000	3775.500
830.000	3773.900
831.000	3766.900
832.000	3753.700
833.000	3745.100
834.000	3738.400
835.000	3712.400
836.000	3688.800
837.000	3695.900
838.000	3696.400
839.000	3682.400
840.000	3665.900
841.000	3646.900
842.000	3639.100
843.000	3635.600
844.000	3613.100
845.000	3593.500
846.000	3597.100
847.000	3588.800
848.000	3559.900
849.000	3544.500
850.000	3538.900
851.000	3522.800
852.000	3503.800
853.000	3489.800
854.000	3475.100
855.000	3459.500
856.000	3446.000
857.000	3436.200
858.000	3423.000
859.000	3407.700
860.000	3389.500
861.000	3370.600
862.000	3352.700
863.000	3338.800
864.000	3333.700
865.000	3326.900
866.000	3318.400
867.000	3310.800
868.000	3303.500
869.000	3296.600
870.000	3290.200
871.000	3285.700
872.000	3276.000
873.000	3257.600
874.000	3247.400
875.000	3242.200
876.000	3241.900
877.000	3241.400
878.000	3226.300
879.000	3217.700
880.000	3223.700
881.000	3224.000
882.000	3219.000
883.000	3210.900
884.000	3201.300
885.000	3216.800
886.000	3227.200
887.000	3219.500
888.000	3215.700
889.000	3216.300
890.000	3210.400
891.000	3201.200
892.000	3194.500
893.000	3187.800
894.000	3179.400
895.000	3165.900
896.000	3144.900
897.000	3119.100
898.000	3090.900
899.000	3068.900
900.000	3048.100
901.000	3030.700
902.000	3015.100
903.000	3003.000
904.000	2991.500
905.000	2980.100
906.000	2971.300
907.000	2963.600
908.000	2960.900
909.000	2957.700
910.000	2952.900
911.000	2954.200
912.000	2960.300
913.000	2970.700
914.000	2981.400
915.000	2987.600
916.000	3003.100
917.000	3042.800
918.000	3081.300
919.000	3118.800
920.000	3178.600
921.000	3245.800
922.000	3335.100
923.000	3425.400
924.000	3518.700
925.000	3590.400
926.000	3642.200
927.000	3644.000
928.000	3629.500
929.000	3550.100
930.000	3464.300
931.000	3361.900
932.000	3260.400
933.000	3159.200
934.000	3081.300
935.000	3009.600
936.000	2932.600
937.000	2866.900
938.000	2829.100
939.000	2797.000
940.000	2770.100
941.000	2739.500
942.000	2708.900
943.000	2687.400
944.000	2670.400
945.000	2664.100
946.000	2654.200
947.000	2642.300
948.000	2630.100
949.000	2618.400
950.000	2611.600
951.000	2600.500
952.000	2582.300
953.000	2581.000
954.000	2589.300
955.000	2581.100
956.000	2570.700
957.000	2558.100
958.000	2547.300
959.000	2539.000
960.000	2533.600
961.000	2529.300
962.000	2520.200
963.000	2509.800
964.000	2495.700
965.000	2492.600
966.000	2499.700
967.000	2488.400
968.000	2473.300
969.000	2477.900
970.000	2482.200
971.000	2485.900
972.000	2485.200
973.000	2481.600
974.000	2477.100
975.000	2471.600
976.000	2457.400
977.000	2448.500
978.000	2446.500
979.000	2446.100
980.000	2446.300
981.000	2424.600
982.000	2409.300
983.000	2413.600
984.000	2409.800
985.000	2399.300
986.000	2404.400
987.000	2410.300
988.000	2397.600
989.000	2386.800
990.000	2378.400
991.000	2371.000
992.000	2364.600
993.000	2370.100
994.000	2372.000
995.000	2360.400
996.000	2356.000
997.000	2357.600
998.000	2358.900
999.000	2358.400
1000.000	2344.000
1001.000	2338.100
1002.000	2344.700
1003.000	2335.100
1004.000	2317.700
1005.000	2321.200
1006.000	2323.800
1007.000	2324.700
1008.000	2320.400
1009.000	2312.400
1010.000	2303.800
1011.000	2298.000
1012.000	2306.300
1013.000	2310.100
1014.000	2308.800
1015.000	2304.800
1016.000	2300.400
1017.000	2301.000
1018.000	2298.400
1019.000	2289.400
1020.000	2286.800
1021.000	2287.600
1022.000	2278.300
1023.000	2270.100
1024.000	2267.300
1025.000	2265.500
1026.000	2264.200
1027.000	2259.800
1028.000	2255.900
1029.000	2257.400
1030.000	2258.900
1031.000	2260.500
1032.000	2269.100
1033.000	2277.800
1034.000	2254.900
1035.000	2240.400
1036.000	2240.000
1037.000	2243.000
1038.000	2247.900
1039.000	2240.700
1040.000	2232.500
1041.000	2222.500
1042.000	2222.200
1043.000	2229.000
1044.000	2232.800
1045.000	2235.300
1046.000	2232.900
1047.000	2230.700
1048.000	2229.300
1049.000	2230.200
1050.000	2230.800
1051.000	2230.200
1052.000	2225.800
1053.000	2217.300
1054.000	2215.000
1055.000	2213.700
1056.000	2207.800
1057.000	2207.300
1058.000	2212.700
1059.000	2208.200
1060.000	2200.000
1061.000	2193.200
1062.000	2189.200
1063.000	2190.100
1064.000	2191.500
1065.000	2192.500
1066.000	2179.600
1067.000	2174.500
1068.000	2182.800
1069.000	2183.600
1070.000	2181.300
1071.000	2182.500
1072.000	2181.700
1073.000	2177.000
1074.000	2174.100
1075.000	2171.500
1076.000	2161.500
1077.000	2153.000
1078.000	2146.700
1079.000	2146.400
1080.000	2149.400
1081.000	2146.600
1082.000	2142.000
1083.000	2133.300
1084.000	2130.600
1085.000	2130.500
1086.000	2136.500
1087.000	2142.000
1088.000	2147.000
1089.000	2139.200
1090.000	2124.500
1091.000	2124.300
1092.000	2125.000
1093.000	2126.700
1094.000	2123.300
1095.000	2116.800
1096.000	2116.100
1097.000	2110.200
1098.000	2094.800
1099.000	2086.700
1100.000	2081.600
1101.000	2079.400
1102.000	2080.100
1103.000	2086.100
1104.000	2081.700
1105.000	2073.400
1106.000	2079.000
1107.000	2079.200
1108.000	2070.800
1109.000	2060.300
1110.000	2050.000
1111.000	2054.200
1112.000	2059.900
1113.000	2067.300
1114.000	2059.100
1115.000	2047.700
1116.000	2043.500
1117.000	2043.000
1118.000	2046.200
1119.000	2055.700
1120.000	2062.500
1121.000	2052.500
1122.000	2045.300
1123.000	2040.500
1124.000	2033.700
1125.000	2029.400
1126.000	2033.100
1127.000	2031.700
1128.000	2026.100
1129.000	2030.300
1130.000	2028.300
1131.000	2012.200
1132.000	2015.900
1133.000	2028.800
1134.000	2026.700
1135.000	2025.300
1136.000	2024.900
1137.000	2026.900
1138.000	2028.600
1139.000	2022.800
1140.000	2017.100
1141.000	2011.800
1142.000	2002.200
1143.000	1995.200
1144.000	2001.600
1145.000	2003.100
1146.000	2001.300
1147.000	2007.000
1148.000	2008.200
1149.000	1997.100
1150.000	1989.400
1151.000	1983.400
1152.000	1987.600
1153.000	1988.000
1154.000	1982.500
1155.000	1985.200
1156.000	1989.800
1157.000	1990.500
1158.000	1984.200
1159.000	1971.000
1160.000	1976.100
1161.000	1980.100
1162.000	1975.200
1163.000	1966.700
1164.000	1956.600
1165.000	1951.600
1166.000	1951.700
1167.000	1959.900
1168.000	1958.100
1169.000	1955.400
1170.000	1962.200
1171.000	1961.000
1172.000	1953.200
1173.000	1950.200
1174.000	1945.400
1175.000	1935.100
1176.000	1931.400
1177.000	1931.000
1178.000	1932.200
1179.000	1930.400
1180.000	1924.800
1181.000	1926.200
1182.000	1927.000
1183.000	1919.300
1184.000	1918.100
1185.000	1921.100
1186.000	1915.300
1187.000	1915.000
1188.000	1923.700
1189.000	1923.400
1190.000	1920.100
1191.000	1913.900
1192.000	1907.800
1193.000	1901.400
1194.000	1907.400
1195.000	1908.600
1196.000	1898.500
1197.000	1895.800
1198.000	1896.000
1199.000	1895.500
1200.000	1900.100
1201.000	1909.700
1202.000	1908.600
1203.000	1904.300
1204.000	1894.000
1205.000	1891.200
1206.000	1891.500
1207.000	1898.400
1208.000	1898.800
1209.000	1891.900
1210.000	1883.600
1211.000	1880.000
1212.000	1887.600
1213.000	1880.100
1214.000	1868.300
1215.000	1871.200
1216.000	1871.500
1217.000	1869.900
1218.000	1868.900
1219.000	1868.000
1220.000	1867.600
1221.000	1870.300
1222.000	1872.500
1223.000	1865.500
1224.000	1859.300
1225.000	1853.600
1226.000	1858.500
1227.000	1861.800
1228.000	1862.200
1229.000	1862.300
1230.000	1861.500
1231.000	1857.000
1232.000	1854.300
1233.000	1852.600
1234.000	1862.900
1235.000	1863.400
1236.000	1850.500
1237.000	1849.600
1238.000	1849.000
1239.000	1842.200
1240.000	1839.800
1241.000	1838.300
1242.000	1827.700
1243.000	1828.800
1244.000	1841.400
1245.000	1841.500
1246.000	1841.300
1247.000	1841.900
1248.000	1833.200
1249.000	1826.700
1250.000	1840.800
1251.000	1838.700
1252.000	1827.500
1253.000	1829.000
1254.000	1828.000
1255.000	1824.500
1256.000	1820.900
1257.000	1816.700
1258.000	1812.100
1259.000	1805.800
1260.000	1800.000
1261.000	1801.000
1262.000	1799.800
1263.000	1797.300
1264.000	1802.900
1265.000	1802.200
1266.000	1794.000
1267.000	1796.800
1268.000	1797.500
1269.000	1791.800
1270.000	1792.500
1271.000	1794.200
1272.000	1792.200
1273.000	1782.600
1274.000	1769.600
1275.000	1767.800
1276.000	1770.200
1277.000	1777.300
1278.000	1776.600
1279.000	1769.900
1280.000	1754.700
1281.000	1753.700
1282.000	1756.500
1283.000	1760.800
1284.000	1750.000
1285.000	1735.900
1286.000	1735.600
1287.000	1734.300
1288.000	1732.900
1289.000	1739.400
1290.000	1738.800
1291.000	1730.500
1292.000	1731.000
1293.000	1727.500
1294.000	1716.700
1295.000	1711.600
1296.000	1709.100
1297.000	1709.000
1298.000	1704.700
1299.000	1700.100
1300.000	1703.000
1301.000	1701.900
1302.000	1697.600
1303.000	1685.100
1304.000	1682.200
1305.000	1688.400
1306.000	1689.700
1307.000	1692.100
1308.000	1696.200
1309.000	1687.000
1310.000	1680.700
1311.000	1682.800
1312.000	1671.400
1313.000	1662.600
1314.000	1670.800
1315.000	1675.600
1316.000	1675.500
1317.000	1659.600
1318.000	1650.800
1319.000	1647.300
1320.000	1660.100
1321.000	1657.200
1322.000	1642.700
1323.000	1637.300
1324.000	1641.100
1325.000	1654.700
1326.000	1637.300
1327.000	1626.800
1328.000	1627.600
1329.000	1627.300
1330.000	1631.100
1331.000	1641.500
1332.000	1627.400
1333.000	1618.800
1334.000	1632.400
1335.000	1641.800
1336.000	1648.000
1337.000	1647.600
1338.000	1650.600
1339.000	1655.100
1340.000	1661.100
1341.000	1670.100
1342.000	1681.100
1343.000	1693.800
1344.000	1700.700
1345.000	1704.600
1346.000	1715.400
1347.000	1716.300
1348.000	1710.400
1349.000	1709.700
1350.000	1701.500
1351.000	1687.100
1352.000	1673.600
1353.000	1663.900
1354.000	1658.100
1355.000	1652.300
1356.000	1641.600
1357.000	1624.500
1358.000	1615.100
1359.000	1608.200
1360.000	1604.300
1361.000	1607.900
1362.000	1609.200
1363.000	1605.400
1364.000	1601.200
1365.000	1599.100
1366.000	1599.900
1367.000	1598.800
1368.000	1598.200
1369.000	1598.600
1370.000	1592.800
1371.000	1587.200
1372.000	1582.800
1373.000	1588.400
1374.000	1596.600
1375.000	1605.500
1376.000	1603.700
1377.000	1597.700
1378.000	1586.900
1379.000	1587.900
1380.000	1588.200
1381.000	1581.400
1382.000	1584.100
1383.000	1589.000
1384.000	1593.100
1385.000	1602.000
1386.000	1605.600
1387.000	1592.700
1388.000	1593.200
1389.000	1598.400
1390.000	1606.700
1391.000	1618.800
1392.000	1626.000
1393.000	1618.500
1394.000	1629.500
1395.000	1638.600
1396.000	1633.200
1397.000	1634.600
1398.000	1643.700
1399.000	1664.900
1400.000	1675.400
1401.000	1685.000
1402.000	1697.500
1403.000	1702.100
1404.000	1708.800
1405.000	1721.900
1406.000	1743.900
1407.000	1762.500
1408.000	1773.800
1409.000	1771.600
1410.000	1776.000
1411.000	1793.100
1412.000	1800.100
1413.000	1805.100
1414.000	1808.800
1415.000	1810.000
1416.000	1804.100
1417.000	1790.200
1418.000	1788.200
1419.000	1777.400
1420.000	1758.000
1421.000	1745.500
1422.000	1732.900
1423.000	1719.700
1424.000	1703.900
1425.000	1691.100
1426.000	1680.400
1427.000	1666.100
1428.000	1653.900
1429.000	1641.100
1430.000	1619.100
1431.000	1617.100
1432.000	1619.100
1433.000	1602.400
1434.000	1587.600
1435.000	1575.300
1436.000	1568.300
1437.000	1559.800
1438.000	1551.900
1439.000	1545.300
1440.000	1537.000
1441.000	1526.300
1442.000	1512.000
1443.000	1515.800
1444.000	1518.000
1445.000	1517.400
1446.000	1511.300
1447.000	1503.400
1448.000	1494.500
1449.000	1500.100
1450.000	1498.300
1451.000	1490.500
1452.000	1470.200
1453.000	1468.400
1454.000	1473.900
1455.000	1475.300
1456.000	1471.400
1457.000	1463.100
1458.000	1447.400
1459.000	1463.700
1460.000	1472.500
1461.000	1460.900
1462.000	1464.100
1463.000	1461.600
1464.000	1452.200
1465.000	1455.200
1466.000	1453.000
1467.000	1446.900
1468.000	1444.000
1469.000	1438.200
1470.000	1432.300
1471.000	1431.200
1472.000	1427.900
1473.000	1425.100
1474.000	1423.400
1475.000	1423.800
1476.000	1423.800
1477.000	1422.600
1478.000	1432.700
1479.000	1429.800
1480.000	1417.600
1481.000	1429.100
1482.000	1431.400
1483.000	1429.400
1484.000	1428.500
1485.000	1421.700
1486.000	1420.200
1487.000	1433.100
1488.000	1430.100
1489.000	1424.700
1490.000	1419.500
1491.000	1421.700
1492.000	1424.300
1493.000	1427.900
1494.000	1432.700
1495.000	1429.900
1496.000	1424.700
1497.000	1421.200
1498.000	1427.500
1499.000	1432.300
1500.000	1432.300
1501.000	1425.100
1502.000	1418.900
1503.000	1415.600
1504.000	1425.900
1505.000	1423.000
1506.000	1417.100
1507.000	1423.400
1508.000	1433.600
1509.000	1439.400
1510.000	1436.200
1511.000	1438.400
1512.000	1437.700
1513.000	1434.600
1514.000	1439.200
1515.000	1444.100
1516.000	1450.600
1517.000	1461.400
1518.000	1455.900
1519.000	1454.800
1520.000	1464.700
1521.000	1457.800
1522.000	1458.800
1523.000	1465.000
1524.000	1466.300
1525.000	1463.600
1526.000	1461.100
1527.000	1462.400
1528.000	1461.400
1529.000	1467.600
1530.000	1481.300
1531.000	1489.800
1532.000	1491.200
1533.000	1491.500
1534.000	1498.100
1535.000	1497.300
1536.000	1497.900
1537.000	1502.400
1538.000	1517.200
1539.000	1525.100
1540.000	1529.500
1541.000	1538.300
1542.000	1544.400
1543.000	1546.300
1544.000	1542.300
1545.000	1557.200
1546.000	1570.300
1547.000	1579.200
1548.000	1574.200
1549.000	1574.900
1550.000	1582.600
1551.000	1599.100
1552.000	1597.300
1553.000	1610.200
1554.000	1632.200
1555.000	1640.200
1556.000	1648.400
1557.000	1652.000
1558.000	1647.500
1559.000	1665.500
1560.000	1667.000
1561.000	1662.600
1562.000	1689.600
1563.000	1698.100
1564.000	1700.200
1565.000	1700.000
1566.000	1709.100
1567.000	1724.800
1568.000	1743.000
1569.000	1755.600
1570.000	1756.100
1571.000	1763.900
1572.000	1784.100
1573.000	1788.400
1574.000	1796.300
1575.000	1806.700
1576.000	1819.900
1577.000	1826.300
1578.000	1834.000
1579.000	1844.200
1580.000	1857.700
1581.000	1866.300
1582.000	1880.100
1583.000	1906.600
1584.000	1911.800
1585.000	1922.500
1586.000	1936.000
1587.000	1942.500
1588.000	1961.500
1589.000	1976.100
1590.000	1983.500
1591.000	2010.000
1592.000	2023.600
1593.000	2034.300
1594.000	2051.200
1595.000	2065.100
1596.000	2083.400
1597.000	2102.900
1598.000	2113.200
1599.000	2134.600
1600.000	2155.000
1601.000	2171.700
1602.000	2187.400
1603.000	2206.200
1604.000	2228.000
1605.000	2254.100
1606.000	2258.500
1607.000	2262.800
1608.000	2277.100
1609.000	2322.400
1610.000	2337.700
1611.000	2360.000
1612.000	2388.900
1613.000	2394.800
1614.000	2416.300
1615.000	2441.200
1616.000	2463.300
1617.000	2466.400
1618.000	2475.700
1619.000	2490.200
1620.000	2509.500
1621.000	2518.400
1622.000	2533.700
1623.000	2548.300
1624.000	2551.500
1625.000	2562.500
1626.000	2572.600
1627.000	2581.100
1628.000	2588.700
1629.000	2592.900
1630.000	2594.000
1631.000	2594.700
1632.000	2608.700
1633.000	2615.400
1634.000	2621.800
1635.000	2627.200
1636.000	2601.100
1637.000	2615.800
1638.000	2630.300
1639.000	2624.400
1640.000	2603.300
1641.000	2587.800
1642.000	2581.900
1643.000	2587.300
1644.000	2589.500
1645.000	2583.600
1646.000	2575.700
1647.000	2570.200
1648.000	2557.600
1649.000	2540.500
1650.000	2525.700
1651.000	2521.500
1652.000	2500.500
1653.000	2494.700
1654.000	2488.300
1655.000	2460.700
1656.000	2436.000
1657.000	2421.500
1658.000	2412.000
1659.000	2399.300
1660.000	2361.600
1661.000	2347.500
1662.000	2335.400
1663.000	2292.500
1664.000	2283.000
1665.000	2266.600
1666.000	2239.700
1667.000	2201.200
1668.000	2176.200
1669.000	2154.000
1670.000	2135.000
1671.000	2118.800
1672.000	2070.000
1673.000	2037.900
1674.000	2012.300
1675.000	1984.000
1676.000	1958.400
1677.000	1930.300
1678.000	1907.000
1679.000	1891.900
1680.000	1855.200
1681.000	1840.100
1682.000	1825.000
1683.000	1799.200
1684.000	1781.000
1685.000	1752.300
1686.000	1721.400
1687.000	1691.500
1688.000	1661.200
1689.000	1641.000
1690.000	1616.800
1691.000	1589.700
1692.000	1571.200
1693.000	1549.500
1694.000	1526.700
1695.000	1501.700
1696.000	1472.100
1697.000	1450.400
1698.000	1424.300
1699.000	1404.400
1700.000	1398.300
1701.000	1363.600
1702.000	1331.100
1703.000	1315.700
1704.000	1317.800
1705.000	1287.000
1706.000	1259.300
1707.000	1239.200
1708.000	1224.100
1709.000	1201.800
1710.000	1191.000
1711.000	1179.000
1712.000	1158.800
1713.000	1124.700
1714.000	1117.800
1715.000	1102.600
1716.000	1082.900
1717.000	1062.600
1718.000	1051.900
1719.000	1035.800
1720.000	1021.900
1721.000	1007.700
1722.000	983.100
1723.000	970.900
1724.000	960.500
1725.000	947.900
1726.000	930.600
1727.000	909.900
1728.000	901.800
1729.000	891.000
1730.000	874.700
1731.000	860.700
1732.000	846.900
1733.000	828.900
1734.000	814.000
1735.000	808.400
1736.000	788.800
1737.000	777.800
1738.000	769.400
1739.000	763.300
1740.000	761.600
1741.000	746.200
1742.000	730.800
1743.000	719.300
1744.000	712.500
1745.000	695.400
1746.000	687.800
1747.000	685.800
1748.000	683.000
1749.000	670.500
1750.000	650.400
1751.000	639.700
1752.000	631.600
1753.000	623.500
1754.000	617.500
1755.000	605.800
1756.000	599.700
1757.000	593.700
1758.000	582.600
1759.000	585.900
1760.000	579.500
1761.000	562.600
1762.000	544.300
1763.000	540.900
1764.000	530.800
1765.000	526.700
1766.000	522.400
1767.000	512.800
1768.000	493.600
1769.000	487.700
1770.000	486.400
1771.000	484.800
1772.000	478.900
1773.000	463.600
1774.000	460.600
1775.000	453.100
1776.000	444.800
1777.000	440.900
1778.000	446.100
1779.000	436.800
1780.000	424.800
1781.000	413.800
1782.000	406.500
1783.000	405.200
1784.000	396.700
1785.000	391.700
1786.000	384.300
1787.000	371.300
1788.000	371.200
1789.000	362.500
1790.000	355.800
1791.000	351.700
1792.000	348.400
1793.000	339.100
1794.000	340.100
1795.000	341.500
1796.000	335.200
1797.000	320.400
1798.000	315.400
1799.000	317.800
1800.000	310.000
1801.000	301.200
1802.000	296.600
1803.000	290.000
1804.000	292.200
1805.000	291.300
1806.000	285.800
1807.000	275.800
1808.000	264.200
1809.000	254.600
1810.000	257.600
1811.000	255.600
1812.000	248.300
1813.000	243.600
1814.000	231.500
1815.000	232.500
1816.000	233.700
1817.000	229.800
1818.000	221.000
1819.000	221.600
1820.000	219.100
1821.000	220.600
1822.000	215.800
1823.000	204.700
1824.000	199.800
1825.000	212.000
1826.000	198.600
1827.000	191.600
1828.000	194.100
1829.000	196.400
1830.000	193.300
1831.000	184.400
1832.000	175.500
1833.000	174.700
1834.000	180.100
1835.000	180.100
1836.000	164.800
1837.000	167.700
1838.000	169.700
1839.000	166.300
1840.000	160.400
1841.000	163.300
1842.000	159.100
1843.000	151.900
1844.000	147.200
1845.000	147.700
1846.000	151.200
1847.000	153.000
1848.000	143.900
1849.000	138.700
1850.000	134.700
1851.000	134.100
1852.000	141.600
1853.000	139.900
1854.000	127.600
1855.000	122.300
1856.000	120.900
1857.000	119.500
1858.000	119.600
1859.000	128.500
1860.000	123.900
1861.000	128.200
1862.000	124.900
1863.000	113.700
1864.000	111.700
1865.000	119.700
1866.000	116.400
1867.000	110.300
1868.000	109.500
1869.000	109.200
1870.000	102.200
1871.000	101.600
1872.000	102.500
1873.000	99.000
1874.000	96.800
1875.000	95.700
1876.000	94.600
1877.000	100.400
1878.000	98.700
1879.000	92.300
1880.000	91.800
1881.000	95.600
1882.000	98.100
1883.000	94.500
1884.000	87.100
1885.000	83.400
1886.000	85.800
1887.000	88.600
1888.000	87.500
1889.000	84.400
1890.000	86.600
1891.000	82.400
1892.000	84.400
1893.000	81.700
1894.000	78.200
1895.000	79.200
1896.000	85.000
1897.000	87.400
1898.000	77.600
1899.000	73.800
1900.000	74.100
1901.000	75.400
1902.000	73.600
1903.000	65.600
1904.000	69.200
1905.000	74.400
1906.000	69.600
1907.000	61.900
1908.000	63.500
1909.000	71.100
1910.000	65.700
1911.000	69.400
1912.000	65.900
1913.000	67.700
1914.000	70.200
1915.000	70.400
1916.000	67.200
1917.000	58.900
1918.000	55.000
1919.000	55.200
1920.000	59.200
1921.000	57.400
1922.000	54.600
1923.000	58.400
1924.000	66.300
1925.000	55.400
1926.000	47.700
1927.000	51.200
1928.000	49.600
1929.000	56.500
1930.000	61.000
1931.000	54.900
1932.000	49.200
1933.000	48.200
1934.000	48.600
1935.000	45.500
1936.000	40.300
1937.000	41.900
1938.000	48.200
1939.000	50.900
1940.000	48.000
1941.000	43.800
1942.000	49.100
1943.000	47.700
1944.000	46.700
1945.000	42.400
1946.000	39.900
1947.000	41.200
1948.000	37.600
1949.000	34.100
1950.000	43.100
1951.000	43.700
1952.000	31.900
1953.000	32.700
1954.000	35.900
1955.000	32.800
1956.000	30.700
1957.000	30.700
1958.000	34.000
1959.000	35.400
1960.000	32.200
1961.000	34.200
1962.000	37.300
1963.000	33.800
1964.000	28.000
1965.000	29.300
1966.000	34.800
1967.000	38.500
1968.000	35.800
1969.000	34.800
1970.000	43.000
1971.000	39.500
1972.000	36.900
1973.000	38.800
1974.000	33.800
1975.000	33.900
1976.000	29.700
1977.000	36.700
1978.000	31.900
1979.000	30.100
1980.000	32.600
1981.000	29.800
1982.000	29.600
1983.000	34.400
1984.000	33.000
1985.000	30.600
1986.000	33.600
1987.000	30.600
1988.000	32.800
1989.000	32.100
1990.000	38.400
1991.000	41.900
1992.000	35.700
1993.000	30.100
1994.000	30.200
1995.000	25.900
1996.000	33.000
1997.000	23.700
1998.000	30.400
1999.000	37.100
2000.000	31.600
