200.000	9707.100
201.000	9681.600
202.000	9662.300
203.000	9645.500
204.000	9645.800
205.000	9644.800
206.000	9624.300
207.000	9603.800
208.000	9580.200
209.000	9556.500
210.000	9546.900
211.000	9539.500
212.000	9526.300
213.000	9511.600
214.000	9493.600
215.000	9473.800
216.000	9461.100
217.000	9453.300
218.000	9436.400
219.000	9411.800
220.000	9386.200
221.000	9359.700
222.000	9332.600
223.000	9304.900
224.000	9275.700
225.000	9242.600
226.000	9206.600
227.000	9158.200
228.000	9111.700
229.000	9076.100
230.000	9041.200
231.000	9024.400
232.000	9007.700
233.000	8956.700
234.000	8904.600
235.000	8866.200
236.000	8829.800
237.000	8789.100
238.000	8747.700
239.000	8693.000
240.000	8633.900
241.000	8595.400
242.000	8567.600
243.000	8534.100
244.000	8497.000
245.000	8456.100
246.000	8411.300
247.000	8378.200
248.000	8359.600
249.000	8349.900
250.000	8354.800
251.000	8346.200
252.000	8306.300
253.000	8273.500
254.000	8265.300
255.000	8253.800
256.000	8225.000
257.000	8199.000
258.000	8199.000
259.000	8198.300
260.000	8176.100
261.000	8153.500
262.000	8164.500
263.000	8177.000
264.000	8173.500
265.000	8168.500
266.000	8159.000
267.000	8148.900
268.000	8141.600
269.000	8134.800
270.000	8123.500
271.000	8110.000
272.000	8114.400
273.000	8128.200
274.000	8128.100
275.000	8119.100
276.000	8110.800
277.000	8103.900
278.000	8099.600
279.000	8098.300
280.000	8089.500
281.000	8070.400
282.000	8054.300
283.000	8043.400
284.000	8033.100
285.000	8023.900
286.000	8009.700
287.000	7980.500
288.000	7957.600
289.000	7961.000
290.000	7960.800
291.000	7940.300
292.000	7920.700
293.000	7911.600
294.000	7901.900
295.000	7883.100
296.000	7864.300
297.000	7860.300
298.000	7856.600
299.000	7834.100
300.000	7810.600
301.000	7797.500
302.000	7785.400
303.000	7780.800
304.000	7777.500
305.000	7772.800
306.000	7768.300
307.000	7767.200
308.000	7767.300
309.000	7759.700
310.000	7749.300
311.000	7752.900
312.000	7763.500
313.000	7776.900
314.000	7791.800
315.000	7802.700
316.000	7810.700
317.000	7819.900
318.000	7830.200
319.000	7835.400
320.000	7835.000
321.000	7841.100
322.000	7854.100
323.000	7870.200
324.000	7890.000
325.000	7913.900
326.000	7943.600
327.000	7970.400
328.000	7991.600
329.000	8012.900
330.000	8034.400
331.000	8053.100
332.000	8065.200
333.000	8087.200
334.000	8138.300
335.000	8179.100
336.000	8184.200
337.000	8195.400
338.000	8232.600
339.000	8263.800
340.000	8264.400
341.000	8269.900
342.000	8308.500
343.000	8345.700
344.000	8375.600
345.000	8401.800
346.000	8386.000
347.000	8372.800
348.000	8410.700
349.000	8448.000
350.000	8459.300
351.000	8471.100
352.000	8496.300
353.000	8521.700
354.000	8527.500
355.000	8532.500
356.000	8515.700
357.000	8498.200
358.000	8511.500
359.000	8526.900
360.000	8565.600
361.000	8606.900
362.000	8616.300
363.000	8621.900
364.000	8652.000
365.000	8685.700
366.000	8700.600
367.000	8712.100
368.000	8720.700
369.000	8728.900
370.000	8748.000
371.000	8769.400
372.000	8793.900
373.000	8819.100
374.000	8836.200
375.000	8851.300
376.000	8855.800
377.000	8857.200
378.000	8867.600
379.000	8880.900
380.000	8907.900
381.000	8939.600
382.000	8941.500
383.000	8933.100
384.000	8953.200
385.000	8984.400
386.000	9000.300
387.000	9010.800
388.000	9023.900
389.000	9038.000
390.000	9041.900
391.000	9041.400
392.000	9078.600
393.000	9132.500
394.000	9157.300
395.000	9168.900
396.000	9178.200
397.000	9186.500
398.000	9197.900
399.000	9210.800
400.000	9224.200
401.000	9238.200
402.000	9253.800
403.000	9270.000
404.000	9279.800
405.000	9286.300
406.000	9292.600
407.000	9299.100
408.000	9307.300
409.000	9316.800
410.000	9319.700
411.000	9319.500
412.000	9334.900
413.000	9357.800
414.000	9358.200
415.000	9347.500
416.000	9350.200
417.000	9359.200
418.000	9366.600
419.000	9373.000
420.000	9358.800
421.000	9335.100
422.000	9322.400
423.000	9314.100
424.000	9312.300
425.000	9313.500
426.000	9295.800
427.000	9271.400
428.000	9255.500
429.000	9242.900
430.000	9240.900
431.000	9242.300
432.000	9227.700
433.000	9207.500
434.000	9191.100
435.000	9175.200
436.000	9173.200
437.000	9174.900
438.000	9169.900
439.000	9162.600
440.000	9152.100
441.000	9140.700
442.000	9131.200
443.000	9122.300
444.000	9116.100
445.000	9110.600
446.000	9105.400
447.000	9100.500
448.000	9084.500
449.000	9066.900
450.000	9055.300
451.000	9044.400
452.000	9051.000
453.000	9059.100
454.000	9035.400
455.000	9009.900
456.000	8985.600
457.000	8961.100
458.000	8957.800
459.000	8954.700
460.000	8970.600
461.000	8985.200
462.000	8968.100
463.000	8950.200
464.000	8918.300
465.000	8891.600
466.000	8917.500
467.000	8937.800
468.000	8918.400
469.000	8901.300
470.000	8896.800
471.000	8887.600
472.000	8855.300
473.000	8830.800
474.000	8836.100
475.000	8841.600
476.000	8847.700
477.000	8854.300
478.000	8861.800
479.000	8874.000
480.000	8896.300
481.000	8908.500
482.000	8900.600
483.000	8906.700
484.000	8936.400
485.000	8946.700
486.000	8929.000
487.000	8915.200
488.000	8906.700
489.000	8901.900
490.000	8901.100
491.000	8872.900
492.000	8820.700
493.000	8778.100
494.000	8743.500
495.000	8707.100
496.000	8670.100
497.000	8624.400
498.000	8574.300
499.000	8524.500
500.000	8475.300
501.000	8434.100
502.000	8396.100
503.000	8332.500
504.000	8261.700
505.000	8215.100
506.000	8173.700
507.000	8134.000
508.000	8094.300
509.000	8060.700
510.000	8027.200
511.000	7990.800
512.000	7954.000
513.000	7904.400
514.000	7855.700
515.000	7819.500
516.000	7783.000
517.000	7745.200
518.000	7710.500
519.000	7692.600
520.000	7668.600
521.000	7621.800
522.000	7581.200
523.000	7556.300
524.000	7528.200
525.000	7492.400
526.000	7467.500
527.000	7459.600
528.000	7435.900
529.000	7392.100
530.000	7356.900
531.000	7330.100
532.000	7312.900
533.000	7303.000
534.000	7296.900
535.000	7292.900
536.000	7273.700
537.000	7247.100
538.000	7239.600
539.000	7239.200
540.000	7227.600
541.000	7213.000
542.000	7181.400
543.000	7147.000
544.000	7150.800
545.000	7157.600
546.000	7138.800
547.000	7119.900
548.000	7107.700
549.000	7094.200
550.000	7069.900
551.000	7047.800
552.000	7036.300
553.000	7027.000
554.000	7023.400
555.000	7015.600
556.000	6999.400
557.000	6981.300
558.000	6959.700
559.000	6943.200
560.000	6933.000
561.000	6921.100
562.000	6907.800
563.000	6895.600
564.000	6884.000
565.000	6873.300
566.000	6863.300
567.000	6851.000
568.000	6838.100
569.000	6819.700
570.000	6800.000
571.000	6786.100
572.000	6772.800
573.000	6754.500
574.000	6736.900
575.000	6731.100
576.000	6724.100
577.000	6712.400
578.000	6701.500
579.000	6695.000
580.000	6686.500
581.000	6672.700
582.000	6667.100
583.000	6675.000
584.000	6670.500
585.000	6652.100
586.000	6641.100
587.000	6635.900
588.000	6626.200
589.000	6613.900
590.000	6603.600
591.000	6593.800
592.000	6589.000
593.000	6585.800
594.000	6587.700
595.000	6590.300
596.000	6560.400
597.000	6532.200
598.000	6536.700
599.000	6535.300
600.000	6505.700
601.000	6484.500
602.000	6489.900
603.000	6489.900
604.000	6479.300
605.000	6467.900
606.000	6456.300
607.000	6452.800
608.000	6457.300
609.000	6452.500
610.000	6442.400
611.000	6415.900
612.000	6382.600
613.000	6358.000
614.000	6335.200
615.000	6321.100
616.000	6307.800
617.000	6284.700
618.000	6264.300
619.000	6265.400
620.000	6261.700
621.000	6240.400
622.000	6221.500
623.000	6208.400
624.000	6199.800
625.000	6197.300
626.000	6189.600
627.000	6177.100
628.000	6169.800
629.000	6165.500
630.000	6149.200
631.000	6128.100
632.000	6120.500
633.000	6115.900
634.000	6092.900
635.000	6070.300
636.000	6087.200
637.000	6100.300
638.000	6089.900
639.000	6078.500
640.000	6064.600
641.000	6050.800
642.000	6037.400
643.000	6033.100
644.000	6038.400
645.000	6044.200
646.000	6050.700
647.000	6047.500
648.000	6040.300
649.000	6034.100
650.000	6027.800
651.000	6024.800
652.000	6021.900
653.000	6008.800
654.000	5996.100
655.000	5986.200
656.000	5971.700
657.000	5945.600
658.000	5917.000
659.000	5884.800
660.000	5855.100
661.000	5828.600
662.000	5802.500
663.000	5776.800
664.000	5776.200
665.000	5783.900
666.000	5756.900
667.000	5724.900
668.000	5690.500
669.000	5658.500
670.000	5645.700
671.000	5630.700
672.000	5609.200
673.000	5590.400
674.000	5575.500
675.000	5552.400
676.000	5520.500
677.000	5507.600
678.000	5505.700
679.000	5491.500
680.000	5473.000
681.000	5459.500
682.000	5446.600
683.000	5425.500
684.000	5405.500
685.000	5392.000
686.000	5380.000
687.000	5373.100
688.000	5361.100
689.000	5342.400
690.000	5331.100
691.000	5326.600
692.000	5308.400
693.000	5283.200
694.000	5266.200
695.000	5250.900
696.000	5232.700
697.000	5215.600
698.000	5208.600
699.000	5196.300
700.000	5165.100
701.000	5145.600
702.000	5147.100
703.000	5137.300
704.000	5115.500
705.000	5098.300
706.000	5083.600
707.000	5081.200
708.000	5082.400
709.000	5052.100
710.000	5021.700
711.000	5024.300
712.000	5023.600
713.000	5009.900
714.000	5000.300
715.000	4997.700
716.000	4998.100
717.000	5001.500
718.000	5001.300
719.000	4999.100
720.000	4992.500
721.000	4984.700
722.000	4961.400
723.000	4939.800
724.000	4946.400
725.000	4943.700
726.000	4913.500
727.000	4889.000
728.000	4874.100
729.000	4869.400
730.000	4873.900
731.000	4869.100
732.000	4860.600
733.000	4845.400
734.000	4829.200
735.000	4815.700
736.000	4805.100
737.000	4809.800
738.000	4811.100
739.000	4805.800
740.000	4790.500
741.000	4764.500
742.000	4755.000
743.000	4755.200
744.000	4749.700
745.000	4742.600
746.000	4726.200
747.000	4710.300
748.000	4701.500
749.000	4693.100
750.000	4686.500
751.000	4674.800
752.000	4657.400
753.000	4639.800
754.000	4621.400
755.000	4616.600
756.000	4615.400
757.000	4604.000
758.000	4592.900
759.000	4588.300
760.000	4582.300
761.000	4572.700
762.000	4562.100
763.000	4549.400
764.000	4548.900
765.000	4556.200
766.000	4538.700
767.000	4514.200
768.000	4508.000
769.000	4502.500
770.000	4496.700
771.000	4486.900
772.000	4468.200
773.000	4456.100
774.000	4451.400
775.000	4448.600
776.000	4446.800
777.000	4436.700
778.000	4424.800
779.000	4439.600
780.000	4449.000
781.000	4432.300
782.000	4414.300
783.000	4393.700
784.000	4381.200
785.000	4375.900
786.000	4363.200
787.000	4347.800
788.000	4347.200
789.000	4346.300
790.000	4321.000
791.000	4298.900
792.000	4287.000
793.000	4274.100
794.000	4260.100
795.000	4251.200
796.000	4244.900
797.000	4232.000
798.000	4217.400
799.000	4206.600
800.000	4194.400
801.000	4174.900
802.000	4159.400
803.000	4151.400
804.000	4142.900
805.000	4134.200
806.000	4117.300
807.000	4098.100
808.000	4093.500
809.000	4086.700
810.000	4058.700
811.000	4040.400
812.000	4041.800
813.000	4029.200
814.000	4003.600
815.000	3987.900
816.000	3976.800
817.000	3966.300
818.000	3956.100
819.000	3943.300
820.000	3929.000
821.000	3910.400
822.000	3891.500
823.000	3872.500
824.000	3864.600
825.000	3861.500
826.000	3843.700
827.000	3826.600
828.000	3830.600
829.000	3825.300
830.000	3798.800
831.000	3784.500
832.000	3782.700
833.000	3777.000
834.000	3769.600
835.000	3747.600
836.000	3726.900
837.000	3728.300
838.000	3724.300
839.000	3709.300
840.000	3692.900
841.000	3675.900
842.000	3661.700
843.000	3648.900
844.000	3640.000
845.000	3629.500
846.000	3608.100
847.000	3592.500
848.000	3586.500
849.000	3573.700
850.000	3556.000
851.000	3538.500
852.000	3521.000
853.000	3517.100
854.000	3508.900
855.000	3485.500
856.000	3466.200
857.000	3452.200
858.000	3433.700
859.000	3412.800
860.000	3392.800
861.000	3373.800
862.000	3364.900
863.000	3352.900
864.000	3333.700
865.000	3325.400
866.000	3327.100
867.000	3320.800
868.000	3311.600
869.000	3305.800
870.000	3297.600
871.000	3279.800
872.000	3259.400
873.000	3235.500
874.000	3230.200
875.000	3235.300
876.000	3216.000
877.000	3195.100
878.000	3197.600
879.000	3190.800
880.000	3163.500
881.000	3146.700
882.000	3139.300
883.000	3122.400
884.000	3102.800
885.000	3103.200
886.000	3099.800
887.000	3084.200
888.000	3073.100
889.000	3067.200
890.000	3063.400
891.000	3060.700
892.000	3050.400
893.000	3039.300
894.000	3027.900
895.000	3013.000
896.000	2993.100
897.000	2984.200
898.000	2981.500
899.000	2982.900
900.000	2983.700
901.000	2972.700
902.000	2968.000
903.000	2975.100
904.000	2968.000
905.000	2950.100
906.000	2954.500
907.000	2963.500
908.000	2964.300
909.000	2963.800
910.000	2960.800
911.000	2974.500
912.000	3002.500
913.000	3014.400
914.000	3022.900
915.000	3054.700
916.000	3086.800
917.000	3120.400
918.000	3160.400
919.000	3206.500
920.000	3282.800
921.000	3368.700
922.000	3477.500
923.000	3587.600
924.000	3701.700
925.000	3804.800
926.000	3897.900
927.000	3892.200
928.000	3856.100
929.000	3784.800
930.000	3692.900
931.000	3546.700
932.000	3414.400
933.000	3294.900
934.000	3173.100
935.000	3053.600
936.000	3001.400
937.000	2947.900
938.000	2890.500
939.000	2847.900
940.000	2817.000
941.000	2779.700
942.000	2743.200
943.000	2738.000
944.000	2725.700
945.000	2700.400
946.000	2683.200
947.000	2671.300
948.000	2655.300
949.000	2639.300
950.000	2630.300
951.000	2623.600
952.000	2620.300
953.000	2614.600
954.000	2607.300
955.000	2595.600
956.000	2585.100
957.000	2584.500
958.000	2575.200
959.000	2555.100
960.000	2553.500
961.000	2559.600
962.000	2541.300
963.000	2526.100
964.000	2522.900
965.000	2522.700
966.000	2525.200
967.000	2517.200
968.000	2506.000
969.000	2492.600
970.000	2487.500
971.000	2500.200
972.000	2498.800
973.000	2488.400
974.000	2481.800
975.000	2476.300
976.000	2474.800
977.000	2471.600
978.000	2465.800
979.000	2465.100
980.000	2466.200
981.000	2453.000
982.000	2443.600
983.000	2445.400
984.000	2440.100
985.000	2429.200
986.000	2420.700
987.000	2413.100
988.000	2404.800
989.000	2397.000
990.000	2389.700
991.000	2391.400
992.000	2397.800
993.000	2391.600
994.000	2386.300
995.000	2385.700
996.000	2375.300
997.000	2356.400
998.000	2355.500
999.000	2357.900
1000.000	2351.600
1001.000	2352.000
1002.000	2361.700
1003.000	2347.200
1004.000	2321.300
1005.000	2323.900
1006.000	2325.600
1007.000	2322.800
1008.000	2316.000
1009.000	2305.500
1010.000	2297.700
1011.000	2293.200
1012.000	2305.000
1013.000	2311.300
1014.000	2312.300
1015.000	2301.400
1016.000	2287.000
1017.000	2288.500
1018.000	2288.100
1019.000	2285.100
1020.000	2283.100
1021.000	2281.700
1022.000	2281.800
1023.000	2280.700
1024.000	2276.400
1025.000	2272.400
1026.000	2268.700
1027.000	2272.100
1028.000	2275.900
1029.000	2276.300
1030.000	2273.200
1031.000	2265.900
1032.000	2260.400
1033.000	2256.400
1034.000	2260.000
1035.000	2267.500
1036.000	2280.800
1037.000	2271.500
1038.000	2251.400
1039.000	2250.800
1040.000	2250.400
1041.000	2249.100
1042.000	2250.800
1043.000	2254.200
1044.000	2254.000
1045.000	2253.000
1046.000	2250.000
1047.000	2250.100
1048.000	2253.200
1049.000	2244.800
1050.000	2234.600
1051.000	2225.300
1052.000	2222.200
1053.000	2225.500
1054.000	2229.000
1055.000	2232.000
1056.000	2229.900
1057.000	2227.900
1058.000	2226.000
1059.000	2226.800
1060.000	2228.200
1061.000	2223.300
1062.000	2222.500
1063.000	2227.200
1064.000	2237.800
1065.000	2250.300
1066.000	2243.000
1067.000	2232.200
1068.000	2214.900
1069.000	2205.200
1070.000	2199.300
1071.000	2207.400
1072.000	2208.100
1073.000	2193.400
1074.000	2187.200
1075.000	2185.000
1076.000	2194.900
1077.000	2195.900
1078.000	2177.900
1079.000	2169.900
1080.000	2167.900
1081.000	2156.900
1082.000	2150.100
1083.000	2152.100
1084.000	2159.200
1085.000	2168.700
1086.000	2164.900
1087.000	2157.700
1088.000	2143.500
1089.000	2143.500
1090.000	2151.500
1091.000	2135.700
1092.000	2127.200
1093.000	2134.900
1094.000	2127.200
1095.000	2111.800
1096.000	2111.700
1097.000	2111.700
1098.000	2112.700
1099.000	2115.700
1100.000	2119.500
1101.000	2114.900
1102.000	2108.000
1103.000	2097.500
1104.000	2091.200
1105.000	2086.800
1106.000	2083.600
1107.000	2079.400
1108.000	2074.500
1109.000	2078.100
1110.000	2083.900
1111.000	2078.400
1112.000	2072.300
1113.000	2066.400
1114.000	2063.500
1115.000	2062.000
1116.000	2064.400
1117.000	2068.600
1118.000	2074.300
1119.000	2062.300
1120.000	2049.000
1121.000	2043.300
1122.000	2046.000
1123.000	2055.700
1124.000	2060.000
1125.000	2059.000
1126.000	2044.400
1127.000	2038.400
1128.000	2038.200
1129.000	2035.200
1130.000	2036.900
1131.000	2049.200
1132.000	2050.000
1133.000	2045.000
1134.000	2035.900
1135.000	2033.000
1136.000	2039.400
1137.000	2036.000
1138.000	2029.900
1139.000	2029.500
1140.000	2027.200
1141.000	2022.800
1142.000	2022.700
1143.000	2024.000
1144.000	2028.600
1145.000	2026.100
1146.000	2018.200
1147.000	2021.200
1148.000	2022.900
1149.000	2020.400
1150.000	2014.500
1151.000	2006.800
1152.000	1999.700
1153.000	1998.300
1154.000	2005.000
1155.000	2005.700
1156.000	2006.100
1157.000	2013.000
1158.000	2005.100
1159.000	1983.400
1160.000	1977.500
1161.000	1977.300
1162.000	1988.100
1163.000	1989.200
1164.000	1985.300
1165.000	1983.600
1166.000	1979.800
1167.000	1973.700
1168.000	1972.700
1169.000	1971.700
1170.000	1963.500
1171.000	1961.300
1172.000	1964.100
1173.000	1967.200
1174.000	1967.100
1175.000	1958.800
1176.000	1952.000
1177.000	1947.000
1178.000	1955.300
1179.000	1953.700
1180.000	1939.100
1181.000	1941.300
1182.000	1941.000
1183.000	1919.100
1184.000	1920.700
1185.000	1938.200
1186.000	1931.100
1187.000	1929.800
1188.000	1938.100
1189.000	1936.400
1190.000	1931.300
1191.000	1922.300
1192.000	1918.900
1193.000	1920.400
1194.000	1924.900
1195.000	1923.800
1196.000	1911.100
1197.000	1909.500
1198.000	1911.600
1199.000	1911.700
1200.000	1910.900
1201.000	1909.000
1202.000	1906.400
1203.000	1907.000
1204.000	1914.400
1205.000	1917.000
1206.000	1917.000
1207.000	1915.400
1208.000	1911.000
1209.000	1903.600
1210.000	1902.700
1211.000	1900.200
1212.000	1892.000
1213.000	1894.300
1214.000	1898.400
1215.000	1885.600
1216.000	1883.100
1217.000	1889.700
1218.000	1881.300
1219.000	1876.800
1220.000	1883.100
1221.000	1885.800
1222.000	1885.400
1223.000	1874.700
1224.000	1875.100
1225.000	1884.400
1226.000	1887.200
1227.000	1886.600
1228.000	1880.700
1229.000	1877.800
1230.000	1876.100
1231.000	1875.600
1232.000	1875.000
1233.000	1874.500
1234.000	1878.100
1235.000	1874.100
1236.000	1860.100
1237.000	1853.700
1238.000	1848.300
1239.000	1840.000
1240.000	1835.800
1241.000	1834.200
1242.000	1839.000
1243.000	1845.000
1244.000	1852.300
1245.000	1848.200
1246.000	1845.300
1247.000	1845.700
1248.000	1844.200
1249.000	1842.400
1250.000	1840.200
1251.000	1838.600
1252.000	1837.000
1253.000	1827.600
1254.000	1827.400
1255.000	1838.500
1256.000	1832.800
1257.000	1825.100
1258.000	1816.300
1259.000	1818.700
1260.000	1823.000
1261.000	1820.000
1262.000	1819.100
1263.000	1818.800
1264.000	1799.100
1265.000	1797.100
1266.000	1815.600
1267.000	1813.000
1268.000	1808.300
1269.000	1803.800
1270.000	1802.000
1271.000	1802.000
1272.000	1805.700
1273.000	1801.500
1274.000	1793.900
1275.000	1793.300
1276.000	1792.100
1277.000	1790.800
1278.000	1789.100
1279.000	1788.400
1280.000	1789.800
1281.000	1782.600
1282.000	1771.700
1283.000	1754.000
1284.000	1756.100
1285.000	1767.200
1286.000	1780.600
1287.000	1776.600
1288.000	1762.100
1289.000	1771.100
1290.000	1769.500
1291.000	1756.000
1292.000	1751.300
1293.000	1745.500
1294.000	1737.900
1295.000	1732.000
1296.000	1729.000
1297.000	1731.800
1298.000	1726.700
1299.000	1719.800
1300.000	1717.300
1301.000	1712.000
1302.000	1706.000
1303.000	1711.100
1304.000	1713.900
1305.000	1714.900
1306.000	1707.800
1307.000	1701.000
1308.000	1694.200
1309.000	1696.500
1310.000	1695.600
1311.000	1687.900
1312.000	1679.100
1313.000	1673.800
1314.000	1679.400
1315.000	1678.700
1316.000	1676.200
1317.000	1675.300
1318.000	1672.400
1319.000	1669.400
1320.000	1675.000
1321.000	1675.500
1322.000	1672.100
1323.000	1664.700
1324.000	1662.700
1325.000	1665.900
1326.000	1655.100
1327.000	1649.300
1328.000	1650.400
1329.000	1653.000
1330.000	1654.200
1331.000	1652.400
1332.000	1653.800
1333.000	1654.100
1334.000	1649.800
1335.000	1652.200
1336.000	1656.200
1337.000	1657.700
1338.000	1656.700
1339.000	1658.900
1340.000	1680.900
1341.000	1705.500
1342.000	1727.600
1343.000	1727.000
1344.000	1739.900
1345.000	1760.100
1346.000	1766.700
1347.000	1769.300
1348.000	1768.100
1349.000	1750.100
1350.000	1739.800
1351.000	1736.200
1352.000	1707.700
1353.000	1689.900
1354.000	1683.600
1355.000	1663.200
1356.000	1647.300
1357.000	1637.400
1358.000	1636.600
1359.000	1629.200
1360.000	1612.800
1361.000	1624.900
1362.000	1634.000
1363.000	1633.700
1364.000	1615.300
1365.000	1603.700
1366.000	1607.400
1367.000	1610.200
1368.000	1612.200
1369.000	1614.100
1370.000	1613.300
1371.000	1610.700
1372.000	1605.600
1373.000	1607.400
1374.000	1604.500
1375.000	1587.000
1376.000	1588.100
1377.000	1595.700
1378.000	1609.500
1379.000	1615.000
1380.000	1615.500
1381.000	1609.200
1382.000	1620.200
1383.000	1627.600
1384.000	1613.700
1385.000	1618.800
1386.000	1627.600
1387.000	1632.200
1388.000	1629.300
1389.000	1628.200
1390.000	1636.100
1391.000	1650.300
1392.000	1656.600
1393.000	1639.900
1394.000	1648.800
1395.000	1661.600
1396.000	1668.600
1397.000	1688.100
1398.000	1703.900
1399.000	1704.300
1400.000	1714.600
1401.000	1728.900
1402.000	1746.700
1403.000	1758.700
1404.000	1771.200
1405.000	1786.900
1406.000	1802.900
1407.000	1819.100
1408.000	1834.600
1409.000	1849.100
1410.000	1862.000
1411.000	1873.400
1412.000	1886.900
1413.000	1893.400
1414.000	1889.700
1415.000	1885.500
1416.000	1885.000
1417.000	1889.600
1418.000	1869.100
1419.000	1853.200
1420.000	1841.600
1421.000	1826.300
1422.000	1806.300
1423.000	1783.400
1424.000	1772.400
1425.000	1751.500
1426.000	1725.100
1427.000	1712.200
1428.000	1695.500
1429.000	1678.500
1430.000	1673.200
1431.000	1659.800
1432.000	1645.200
1433.000	1639.600
1434.000	1627.900
1435.000	1612.500
1436.000	1592.500
1437.000	1583.900
1438.000	1582.100
1439.000	1587.100
1440.000	1575.000
1441.000	1558.600
1442.000	1540.600
1443.000	1554.900
1444.000	1554.800
1445.000	1535.100
1446.000	1529.500
1447.000	1522.500
1448.000	1514.900
1449.000	1516.200
1450.000	1513.800
1451.000	1507.700
1452.000	1492.200
1453.000	1496.400
1454.000	1505.300
1455.000	1498.200
1456.000	1491.400
1457.000	1484.100
1458.000	1474.300
1459.000	1469.100
1460.000	1467.300
1461.000	1469.000
1462.000	1475.300
1463.000	1477.100
1464.000	1474.800
1465.000	1479.100
1466.000	1475.800
1467.000	1465.900
1468.000	1449.800
1469.000	1444.300
1470.000	1446.100
1471.000	1453.700
1472.000	1456.300
1473.000	1452.600
1474.000	1439.600
1475.000	1444.000
1476.000	1443.700
1477.000	1433.700
1478.000	1435.500
1479.000	1428.400
1480.000	1416.100
1481.000	1431.100
1482.000	1436.400
1483.000	1436.600
1484.000	1437.200
1485.000	1442.100
1486.000	1444.400
1487.000	1436.700
1488.000	1438.500
1489.000	1437.500
1490.000	1431.100
1491.000	1437.000
1492.000	1438.400
1493.000	1436.100
1494.000	1430.600
1495.000	1437.700
1496.000	1443.900
1497.000	1432.300
1498.000	1442.100
1499.000	1448.400
1500.000	1442.200
1501.000	1428.600
1502.000	1428.900
1503.000	1440.700
1504.000	1440.600
1505.000	1440.900
1506.000	1441.200
1507.000	1440.200
1508.000	1444.500
1509.000	1446.200
1510.000	1441.900
1511.000	1445.900
1512.000	1451.000
1513.000	1457.100
1514.000	1468.200
1515.000	1469.000
1516.000	1466.600
1517.000	1470.000
1518.000	1481.200
1519.000	1485.500
1520.000	1478.000
1521.000	1467.500
1522.000	1465.500
1523.000	1470.700
1524.000	1478.700
1525.000	1480.700
1526.000	1485.200
1527.000	1500.300
1528.000	1492.100
1529.000	1493.300
1530.000	1505.200
1531.000	1500.000
1532.000	1506.600
1533.000	1516.100
1534.000	1518.300
1535.000	1514.800
1536.000	1522.100
1537.000	1545.400
1538.000	1536.100
1539.000	1531.800
1540.000	1533.800
1541.000	1547.200
1542.000	1554.900
1543.000	1558.300
1544.000	1558.500
1545.000	1570.600
1546.000	1580.000
1547.000	1588.300
1548.000	1600.900
1549.000	1603.500
1550.000	1610.300
1551.000	1630.700
1552.000	1638.000
1553.000	1647.100
1554.000	1658.100
1555.000	1669.400
1556.000	1673.000
1557.000	1674.200
1558.000	1675.000
1559.000	1680.000
1560.000	1682.300
1561.000	1685.900
1562.000	1706.000
1563.000	1712.900
1564.000	1718.300
1565.000	1727.900
1566.000	1736.200
1567.000	1743.500
1568.000	1749.900
1569.000	1753.600
1570.000	1770.000
1571.000	1785.300
1572.000	1794.200
1573.000	1803.400
1574.000	1817.900
1575.000	1830.600
1576.000	1832.100
1577.000	1843.400
1578.000	1854.300
1579.000	1863.800
1580.000	1872.800
1581.000	1886.000
1582.000	1904.300
1583.000	1929.700
1584.000	1942.600
1585.000	1945.000
1586.000	1945.000
1587.000	1963.000
1588.000	1980.600
1589.000	1990.300
1590.000	1990.900
1591.000	2005.100
1592.000	2024.400
1593.000	2049.500
1594.000	2083.600
1595.000	2095.100
1596.000	2108.300
1597.000	2122.600
1598.000	2132.600
1599.000	2153.000
1600.000	2176.700
1601.000	2199.600
1602.000	2206.500
1603.000	2220.400
1604.000	2238.500
1605.000	2259.000
1606.000	2276.000
1607.000	2289.800
1608.000	2304.200
1609.000	2328.700
1610.000	2351.700
1611.000	2373.100
1612.000	2391.500
1613.000	2397.600
1614.000	2422.000
1615.000	2442.200
1616.000	2451.000
1617.000	2472.700
1618.000	2494.500
1619.000	2509.900
1620.000	2513.000
1621.000	2537.100
1622.000	2544.000
1623.000	2544.600
1624.000	2555.100
1625.000	2581.500
1626.000	2588.500
1627.000	2585.000
1628.000	2603.700
1629.000	2611.000
1630.000	2608.600
1631.000	2601.500
1632.000	2610.900
1633.000	2617.400
1634.000	2619.900
1635.000	2618.600
1636.000	2627.800
1637.000	2620.400
1638.000	2616.200
1639.000	2623.700
1640.000	2613.300
1641.000	2616.800
1642.000	2612.300
1643.000	2585.200
1644.000	2603.900
1645.000	2601.900
1646.000	2588.800
1647.000	2572.900
1648.000	2561.200
1649.000	2543.400
1650.000	2532.700
1651.000	2543.700
1652.000	2516.100
1653.000	2500.900
1654.000	2492.100
1655.000	2479.500
1656.000	2447.900
1657.000	2431.100
1658.000	2422.000
1659.000	2407.900
1660.000	2391.200
1661.000	2371.800
1662.000	2344.700
1663.000	2303.600
1664.000	2273.100
1665.000	2249.900
1666.000	2227.400
1667.000	2196.600
1668.000	2181.500
1669.000	2151.700
1670.000	2118.300
1671.000	2094.300
1672.000	2072.900
1673.000	2048.300
1674.000	2023.500
1675.000	2001.300
1676.000	1973.600
1677.000	1944.500
1678.000	1924.500
1679.000	1917.200
1680.000	1873.600
1681.000	1839.400
1682.000	1816.500
1683.000	1802.900
1684.000	1770.400
1685.000	1740.100
1686.000	1716.000
1687.000	1696.200
1688.000	1665.500
1689.000	1641.000
1690.000	1613.500
1691.000	1584.100
1692.000	1561.600
1693.000	1540.100
1694.000	1516.700
1695.000	1492.600
1696.000	1472.500
1697.000	1465.400
1698.000	1432.300
1699.000	1396.900
1700.000	1381.200
1701.000	1348.500
1702.000	1328.500
1703.000	1310.800
1704.000	1290.200
1705.000	1275.500
1706.000	1249.600
1707.000	1225.500
1708.000	1207.800
1709.000	1199.600
1710.000	1166.800
1711.000	1145.200
1712.000	1129.700
1713.000	1109.400
1714.000	1096.400
1715.000	1079.800
1716.000	1066.600
1717.000	1059.200
1718.000	1040.600
1719.000	1020.700
1720.000	1003.000
1721.000	986.300
1722.000	966.000
1723.000	946.600
1724.000	934.300
1725.000	925.800
1726.000	917.200
1727.000	899.100
1728.000	888.700
1729.000	876.000
1730.000	865.000
1731.000	880.300
1732.000	846.800
1733.000	826.000
1734.000	813.000
1735.000	797.500
1736.000	786.400
1737.000	778.700
1738.000	770.800
1739.000	761.700
1740.000	752.100
1741.000	742.600
1742.000	729.400
1743.000	716.600
1744.000	709.000
1745.000	699.900
1746.000	690.100
1747.000	681.100
1748.000	670.600
1749.000	654.200
1750.000	666.100
1751.000	656.600
1752.000	641.500
1753.000	630.000
1754.000	619.700
1755.000	611.600
1756.000	604.800
1757.000	600.300
1758.000	598.400
1759.000	583.000
1760.000	570.600
1761.000	561.200
1762.000	554.100
1763.000	549.900
1764.000	531.100
1765.000	525.100
1766.000	523.700
1767.000	519.600
1768.000	503.700
1769.000	502.300
1770.000	495.700
1771.000	489.800
1772.000	487.200
1773.000	481.400
1774.000	467.000
1775.000	455.900
1776.000	451.800
1777.000	451.900
1778.000	437.400
1779.000	430.500
1780.000	421.500
1781.000	412.700
1782.000	406.800
1783.000	409.500
1784.000	405.500
1785.000	393.400
1786.000	386.800
1787.000	392.100
1788.000	383.000
1789.000	376.700
1790.000	371.400
1791.000	362.500
1792.000	349.400
1793.000	347.400
1794.000	341.500
1795.000	334.600
1796.000	328.300
1797.000	323.800
1798.000	322.000
1799.000	315.900
1800.000	306.100
1801.000	300.700
1802.000	301.100
1803.000	297.200
1804.000	291.400
1805.000	289.800
1806.000	283.400
1807.000	271.400
1808.000	264.200
1809.000	267.300
1810.000	261.700
1811.000	257.600
1812.000	253.900
1813.000	246.800
1814.000	241.500
1815.000	250.800
1816.000	243.700
1817.000	233.900
1818.000	234.700
1819.000	222.900
1820.000	223.200
1821.000	216.800
1822.000	210.200
1823.000	206.600
1824.000	202.800
1825.000	206.400
1826.000	199.900
1827.000	191.600
1828.000	186.800
1829.000	189.200
1830.000	197.700
1831.000	188.600
1832.000	189.500
1833.000	187.600
1834.000	178.700
1835.000	170.100
1836.000	168.300
1837.000	167.800
1838.000	165.500
1839.000	162.500
1840.000	161.800
1841.000	165.300
1842.000	154.600
1843.000	151.900
1844.000	151.800
1845.000	149.300
1846.000	145.100
1847.000	152.300
1848.000	144.500
1849.000	142.800
1850.000	144.700
1851.000	144.800
1852.000	140.600
1853.000	135.800
1854.000	130.300
1855.000	128.900
1856.000	128.700
1857.000	126.800
1858.000	123.100
1859.000	128.000
1860.000	118.500
1861.000	123.800
1862.000	123.900
1863.000	116.900
1864.000	118.300
1865.000	117.100
1866.000	116.500
1867.000	120.500
1868.000	118.600
1869.000	110.600
1870.000	105.100
1871.000	103.800
1872.000	98.400
1873.000	94.100
1874.000	100.000
1875.000	106.300
1876.000	100.900
1877.000	98.100
1878.000	99.500
1879.000	105.000
1880.000	101.800
1881.000	95.800
1882.000	95.400
1883.000	99.100
1884.000	90.000
1885.000	93.800
1886.000	95.600
1887.000	93.100
1888.000	87.400
1889.000	81.300
1890.000	80.900
1891.000	82.800
1892.000	78.900
1893.000	72.000
1894.000	70.500
1895.000	73.900
1896.000	72.400
1897.000	74.500
1898.000	76.400
1899.000	75.200
1900.000	71.400
1901.000	70.400
1902.000	70.100
1903.000	60.300
1904.000	82.400
1905.000	77.300
1906.000	74.300
1907.000	68.900
1908.000	66.200
1909.000	68.600
1910.000	67.400
1911.000	75.400
1912.000	62.000
1913.000	59.100
1914.000	60.100
1915.000	63.500
1916.000	67.300
1917.000	66.400
1918.000	62.000
1919.000	61.700
1920.000	65.900
1921.000	70.100
1922.000	64.700
1923.000	57.300
1924.000	58.800
1925.000	48.200
1926.000	44.900
1927.000	49.200
1928.000	47.500
1929.000	49.000
1930.000	49.500
1931.000	49.200
1932.000	56.400
1933.000	56.500
1934.000	52.500
1935.000	40.100
1936.000	44.000
1937.000	44.900
1938.000	41.300
1939.000	37.500
1940.000	30.800
1941.000	41.000
1942.000	49.600
1943.000	49.500
1944.000	42.900
1945.000	43.100
1946.000	40.900
1947.000	33.400
1948.000	35.400
1949.000	42.100
1950.000	43.000
1951.000	42.400
1952.000	41.700
1953.000	38.900
1954.000	34.000
1955.000	32.000
1956.000	36.700
1957.000	39.700
1958.000	26.100
1959.000	37.600
1960.000	33.500
1961.000	35.000
1962.000	33.000
1963.000	33.300
1964.000	34.700
1965.000	28.100
1966.000	30.000
1967.000	30.000
1968.000	28.700
1969.000	30.200
1970.000	29.400
1971.000	25.900
1972.000	28.500
1973.000	30.100
1974.000	26.900
1975.000	40.400
1976.000	40.200
1977.000	33.300
1978.000	32.800
1979.000	36.400
1980.000	34.700
1981.000	31.400
1982.000	27.700
1983.000	28.600
1984.000	34.700
1985.000	30.500
1986.000	41.100
1987.000	34.100
1988.000	47.700
1989.000	38.700
1990.000	35.500
1991.000	27.900
1992.000	30.100
1993.000	34.900
1994.000	28.200
1995.000	32.100
1996.000	29.600
1997.000	29.600
1998.000	26.600
1999.000	30.900
2000.000	24.200
