200.000	9741.500
201.000	9725.900
202.000	9701.100
203.000	9677.100
204.000	9659.000
205.000	9641.000
206.000	9623.700
207.000	9606.200
208.000	9601.500
209.000	9597.200
210.000	9580.600
211.000	9562.600
212.000	9549.500
213.000	9538.000
214.000	9516.600
215.000	9491.400
216.000	9484.200
217.000	9488.600
218.000	9477.500
219.000	9453.000
220.000	9419.600
221.000	9374.800
222.000	9330.000
223.000	9285.500
224.000	9246.600
225.000	9223.200
226.000	9196.100
227.000	9155.000
228.000	9115.900
229.000	9091.900
230.000	9067.900
231.000	9038.400
232.000	9008.900
233.000	8969.600
234.000	8930.100
235.000	8876.300
236.000	8820.800
237.000	8773.100
238.000	8727.100
239.000	8694.000
240.000	8665.000
241.000	8625.300
242.000	8580.400
243.000	8553.600
244.000	8539.900
245.000	8501.600
246.000	8439.900
247.000	8401.900
248.000	8393.700
249.000	8376.200
250.000	8343.000
251.000	8315.200
252.000	8299.900
253.000	8284.200
254.000	8267.700
255.000	8253.200
256.000	8247.800
257.000	8242.200
258.000	8233.500
259.000	8223.700
260.000	8190.500
261.000	8156.900
262.000	8155.500
263.000	8155.100
264.000	8172.600
265.000	8192.200
266.000	8177.800
267.000	8156.900
268.000	8149.800
269.000	8146.700
270.000	8146.500
271.000	8147.700
272.000	8146.600
273.000	8144.100
274.000	8138.300
275.000	8130.200
276.000	8120.200
277.000	8108.300
278.000	8103.400
279.000	8106.000
280.000	8095.800
281.000	8067.000
282.000	8050.000
283.000	8053.100
284.000	8051.800
285.000	8041.000
286.000	8027.600
287.000	8005.500
288.000	7986.500
289.000	7980.400
290.000	7971.700
291.000	7950.500
292.000	7931.500
293.000	7934.400
294.000	7935.900
295.000	7909.600
296.000	7883.400
297.000	7864.400
298.000	7845.300
299.000	7832.300
300.000	7819.900
301.000	7814.100
302.000	7809.100
303.000	7800.000
304.000	7790.500
305.000	7787.100
306.000	7785.000
307.000	7783.100
308.000	7781.900
309.000	7772.400
310.000	7760.200
311.000	7770.200
312.000	7791.100
313.000	7790.500
314.000	7777.800
315.000	7786.400
316.000	7809.500
317.000	7832.000
318.000	7853.800
319.000	7860.600
320.000	7853.100
321.000	7860.300
322.000	7884.200
323.000	7908.800
324.000	7934.800
325.000	7956.700
326.000	7972.600
327.000	7992.100
328.000	8017.500
329.000	8042.400
330.000	8066.500
331.000	8090.200
332.000	8113.800
333.000	8135.100
334.000	8149.300
335.000	8167.000
336.000	8197.000
337.000	8226.200
338.000	8252.400
339.000	8276.400
340.000	8288.800
341.000	8301.800
342.000	8321.500
343.000	8342.400
344.000	8373.500
345.000	8402.700
346.000	8407.200
347.000	8412.700
348.000	8435.100
349.000	8457.500
350.000	8480.700
351.000	8503.900
352.000	8526.300
353.000	8548.200
354.000	8542.800
355.000	8536.700
356.000	8535.800
357.000	8535.200
358.000	8537.400
359.000	8539.500
360.000	8565.100
361.000	8592.800
362.000	8614.000
363.000	8634.400
364.000	8649.700
365.000	8664.000
366.000	8679.200
367.000	8694.300
368.000	8737.600
369.000	8786.400
370.000	8797.900
371.000	8800.900
372.000	8820.400
373.000	8844.300
374.000	8864.800
375.000	8884.400
376.000	8889.300
377.000	8890.600
378.000	8892.200
379.000	8894.200
380.000	8915.100
381.000	8942.700
382.000	8947.100
383.000	8943.500
384.000	8969.400
385.000	9006.600
386.000	9018.600
387.000	9020.100
388.000	9041.300
389.000	9070.400
390.000	9077.200
391.000	9074.300
392.000	9093.100
393.000	9121.500
394.000	9131.700
395.000	9133.800
396.000	9154.500
397.000	9184.000
398.000	9195.700
399.000	9199.200
400.000	9214.700
401.000	9235.900
402.000	9263.100
403.000	9293.500
404.000	9305.400
405.000	9308.500
406.000	9312.600
407.000	9317.300
408.000	9331.000
409.000	9349.200
410.000	9351.400
411.000	9345.800
412.000	9333.400
413.000	9317.800
414.000	9334.900
415.000	9367.200
416.000	9367.500
417.000	9352.900
418.000	9352.300
419.000	9357.800
420.000	9350.000
421.000	9336.100
422.000	9327.100
423.000	9320.500
424.000	9320.000
425.000	9322.200
426.000	9311.400
427.000	9295.700
428.000	9282.500
429.000	9270.100
430.000	9264.200
431.000	9260.400
432.000	9235.500
433.000	9203.800
434.000	9195.300
435.000	9194.000
436.000	9196.300
437.000	9199.800
438.000	9192.100
439.000	9181.200
440.000	9172.100
441.000	9163.200
442.000	9146.300
443.000	9127.500
444.000	9113.800
445.000	9101.300
446.000	9104.900
447.000	9111.200
448.000	9102.900
449.000	9092.400
450.000	9078.100
451.000	9063.400
452.000	9055.700
453.000	9048.900
454.000	9033.200
455.000	9017.100
456.000	9002.600
457.000	8987.900
458.000	8989.000
459.000	8990.100
460.000	8984.800
461.000	8979.400
462.000	8962.300
463.000	8945.300
464.000	8931.700
465.000	8919.800
466.000	8926.600
467.000	8930.400
468.000	8911.500
469.000	8895.800
470.000	8900.500
471.000	8902.300
472.000	8890.300
473.000	8879.800
474.000	8875.600
475.000	8873.000
476.000	8875.700
477.000	8882.100
478.000	8898.700
479.000	8909.500
480.000	8906.800
481.000	8902.800
482.000	8896.200
483.000	8898.000
484.000	8914.300
485.000	8922.100
486.000	8918.000
487.000	8909.400
488.000	8895.900
489.000	8888.200
490.000	8886.700
491.000	8866.600
492.000	8829.600
493.000	8793.900
494.000	8759.200
495.000	8722.700
496.000	8685.300
497.000	8633.900
498.000	8575.200
499.000	8531.800
500.000	8495.200
501.000	8445.300
502.000	8390.600
503.000	8332.100
504.000	8272.500
505.000	8229.100
506.000	8188.800
507.000	8146.300
508.000	8103.500
509.000	8062.300
510.000	8021.600
511.000	7985.300
512.000	7949.200
513.000	7908.500
514.000	7868.500
515.000	7843.100
516.000	7812.900
517.000	7745.700
518.000	7690.000
519.000	7691.400
520.000	7683.900
521.000	7643.800
522.000	7600.300
523.000	7546.900
524.000	7505.100
525.000	7486.800
526.000	7465.200
527.000	7438.600
528.000	7421.200
529.000	7416.300
530.000	7391.300
531.000	7346.400
532.000	7320.500
533.000	7309.700
534.000	7308.400
535.000	7313.200
536.000	7291.100
537.000	7255.600
538.000	7240.400
539.000	7233.000
540.000	7224.900
541.000	7216.800
542.000	7208.400
543.000	7200.300
544.000	7185.900
545.000	7170.800
546.000	7139.800
547.000	7110.000
548.000	7098.800
549.000	7086.500
550.000	7067.700
551.000	7053.500
552.000	7058.900
553.000	7058.400
554.000	7040.500
555.000	7023.800
556.000	7010.000
557.000	6988.300
558.000	6955.600
559.000	6935.700
560.000	6930.800
561.000	6922.300
562.000	6910.800
563.000	6899.300
564.000	6888.300
565.000	6867.500
566.000	6842.200
567.000	6835.200
568.000	6834.500
569.000	6826.000
570.000	6815.900
571.000	6798.700
572.000	6780.400
573.000	6763.300
574.000	6746.300
575.000	6732.500
576.000	6720.700
577.000	6719.700
578.000	6716.000
579.000	6702.600
580.000	6692.200
581.000	6688.100
582.000	6686.000
583.000	6687.000
584.000	6673.700
585.000	6644.300
586.000	6636.100
587.000	6645.300
588.000	6629.600
589.000	6599.500
590.000	6599.700
591.000	6611.500
592.000	6598.100
593.000	6578.300
594.000	6579.000
595.000	6582.000
596.000	6553.900
597.000	6528.200
598.000	6544.100
599.000	6555.200
600.000	6541.600
601.000	6527.600
602.000	6512.200
603.000	6503.200
604.000	6506.900
605.000	6495.700
606.000	6465.400
607.000	6450.200
608.000	6448.400
609.000	6433.800
610.000	6411.500
611.000	6392.500
612.000	6374.500
613.000	6358.400
614.000	6343.100
615.000	6329.700
616.000	6316.700
617.000	6305.000
618.000	6294.100
619.000	6287.300
620.000	6278.300
621.000	6260.300
622.000	6240.100
623.000	6216.000
624.000	6200.000
625.000	6195.900
626.000	6182.800
627.000	6160.500
628.000	6153.800
629.000	6156.100
630.000	6153.000
631.000	6147.700
632.000	6142.900
633.000	6138.100
634.000	6115.900
635.000	6093.300
636.000	6087.300
637.000	6082.100
638.000	6077.800
639.000	6072.000
640.000	6062.000
641.000	6058.500
642.000	6066.800
643.000	6069.600
644.000	6067.100
645.000	6053.000
646.000	6030.700
647.000	6031.700
648.000	6042.400
649.000	6045.000
650.000	6045.600
651.000	6041.700
652.000	6036.600
653.000	6014.300
654.000	5994.300
655.000	5986.300
656.000	5975.500
657.000	5958.200
658.000	5939.200
659.000	5917.500
660.000	5888.700
661.000	5853.300
662.000	5820.800
663.000	5790.300
664.000	5768.400
665.000	5749.500
666.000	5735.700
667.000	5722.700
668.000	5695.000
669.000	5667.600
670.000	5641.800
671.000	5623.200
672.000	5625.400
673.000	5616.400
674.000	5589.300
675.000	5567.600
676.000	5550.700
677.000	5530.800
678.000	5509.600
679.000	5497.600
680.000	5488.800
681.000	5474.800
682.000	5459.900
683.000	5430.500
684.000	5403.500
685.000	5392.700
686.000	5380.700
687.000	5365.800
688.000	5352.600
689.000	5342.700
690.000	5324.100
691.000	5297.800
692.000	5276.200
693.000	5257.000
694.000	5250.600
695.000	5247.300
696.000	5240.900
697.000	5233.500
698.000	5218.000
699.000	5202.200
700.000	5185.900
701.000	5175.200
702.000	5175.500
703.000	5164.600
704.000	5142.100
705.000	5123.100
706.000	5105.600
707.000	5094.000
708.000	5083.900
709.000	5049.600
710.000	5016.500
711.000	5028.900
712.000	5035.800
713.000	5019.200
714.000	5009.900
715.000	5013.100
716.000	5014.400
717.000	5014.200
718.000	5005.600
719.000	4992.100
720.000	4974.800
721.000	4957.000
722.000	4956.300
723.000	4955.700
724.000	4941.500
725.000	4927.500
726.000	4913.500
727.000	4902.200
728.000	4895.300
729.000	4887.000
730.000	4877.100
731.000	4871.700
732.000	4867.900
733.000	4849.700
734.000	4829.100
735.000	4824.500
736.000	4819.000
737.000	4806.200
738.000	4796.300
739.000	4792.100
740.000	4786.400
741.000	4779.800
742.000	4763.900
743.000	4742.900
744.000	4741.600
745.000	4745.800
746.000	4729.600
747.000	4712.800
748.000	4698.600
749.000	4686.500
750.000	4680.600
751.000	4674.500
752.000	4668.900
753.000	4650.400
754.000	4623.800
755.000	4630.700
756.000	4647.900
757.000	4637.700
758.000	4625.300
759.000	4607.000
760.000	4590.900
761.000	4579.000
762.000	4569.600
763.000	4562.500
764.000	4550.300
765.000	4534.700
766.000	4534.000
767.000	4537.600
768.000	4516.700
769.000	4498.100
770.000	4506.800
771.000	4506.000
772.000	4482.400
773.000	4474.800
774.000	4486.100
775.000	4479.800
776.000	4463.800
777.000	4447.500
778.000	4431.100
779.000	4439.200
780.000	4441.900
781.000	4419.000
782.000	4402.600
783.000	4398.500
784.000	4394.900
785.000	4392.300
786.000	4377.100
787.000	4356.700
788.000	4353.300
789.000	4350.600
790.000	4334.900
791.000	4316.800
792.000	4292.800
793.000	4274.600
794.000	4263.900
795.000	4254.400
796.000	4245.800
797.000	4237.400
798.000	4229.300
799.000	4208.100
800.000	4189.900
801.000	4184.800
802.000	4180.500
803.000	4177.200
804.000	4160.800
805.000	4134.200
806.000	4119.100
807.000	4107.800
808.000	4085.800
809.000	4064.800
810.000	4055.300
811.000	4046.100
812.000	4038.000
813.000	4022.100
814.000	3998.800
815.000	3987.900
816.000	3982.300
817.000	3970.100
818.000	3957.200
819.000	3943.600
820.000	3931.600
821.000	3923.700
822.000	3913.100
823.000	3899.400
824.000	3882.500
825.000	3863.800
826.000	3849.300
827.000	3834.800
828.000	3818.800
829.000	3808.400
830.000	3810.600
831.000	3803.800
832.000	3787.500
833.000	3781.700
834.000	3780.200
835.000	3753.500
836.000	3727.600
837.000	3728.000
838.000	3724.500
839.000	3713.200
840.000	3690.600
841.000	3658.000
842.000	3650.900
843.000	3653.000
844.000	3649.500
845.000	3643.100
846.000	3623.400
847.000	3603.400
848.000	3583.200
849.000	3572.900
850.000	3569.700
851.000	3554.100
852.000	3535.300
853.000	3511.800
854.000	3491.300
855.000	3481.400
856.000	3471.600
857.000	3462.100
858.000	3446.100
859.000	3426.600
860.000	3404.800
861.000	3383.400
862.000	3372.700
863.000	3359.900
864.000	3341.500
865.000	3333.400
866.000	3334.800
867.000	3328.600
868.000	3319.700
869.000	3298.900
870.000	3280.000
871.000	3272.900
872.000	3265.800
873.000	3258.700
874.000	3241.200
875.000	3217.900
876.000	3214.500
877.000	3213.000
878.000	3193.400
879.000	3175.500
880.000	3160.800
881.000	3144.800
882.000	3127.400
883.000	3118.300
884.000	3111.400
885.000	3105.100
886.000	3097.400
887.000	3084.400
888.000	3077.200
889.000	3076.800
890.000	3068.200
891.000	3055.800
892.000	3047.100
893.000	3039.000
894.000	3031.800
895.000	3023.600
896.000	3014.600
897.000	3006.800
898.000	2999.500
899.000	2985.000
900.000	2971.000
901.000	2969.300
902.000	2966.300
903.000	2961.600
904.000	2960.800
905.000	2963.000
906.000	2968.200
907.000	2973.500
908.000	2968.900
909.000	2964.300
910.000	2960.300
911.000	2971.800
912.000	2996.400
913.000	3007.400
914.000	3014.700
915.000	3026.700
916.000	3050.700
917.000	3106.300
918.000	3160.200
919.000	3212.600
920.000	3279.400
921.000	3351.300
922.000	3463.800
923.000	3580.100
924.000	3705.400
925.000	3807.100
926.000	3886.200
927.000	3893.700
928.000	3878.000
929.000	3799.300
930.000	3701.100
931.000	3551.800
932.000	3419.000
933.000	3300.300
934.000	3184.100
935.000	3069.500
936.000	2987.200
937.000	2920.800
938.000	2893.400
939.000	2857.900
940.000	2815.700
941.000	2790.300
942.000	2768.000
943.000	2738.800
944.000	2716.300
945.000	2707.800
946.000	2693.400
947.000	2675.100
948.000	2662.700
949.000	2651.500
950.000	2638.800
951.000	2626.400
952.000	2614.700
953.000	2604.500
954.000	2595.400
955.000	2602.000
956.000	2606.000
957.000	2588.700
958.000	2571.600
959.000	2554.800
960.000	2552.200
961.000	2555.800
962.000	2551.300
963.000	2547.000
964.000	2543.900
965.000	2534.600
966.000	2519.800
967.000	2507.900
968.000	2497.200
969.000	2500.300
970.000	2501.500
971.000	2498.600
972.000	2491.400
973.000	2481.200
974.000	2483.800
975.000	2486.300
976.000	2479.000
977.000	2476.000
978.000	2479.500
979.000	2471.300
980.000	2458.100
981.000	2450.500
982.000	2443.800
983.000	2440.100
984.000	2432.900
985.000	2422.800
986.000	2416.200
987.000	2411.300
988.000	2411.300
989.000	2406.400
990.000	2393.700
991.000	2386.900
992.000	2382.500
993.000	2393.400
994.000	2401.700
995.000	2400.300
996.000	2388.200
997.000	2366.800
998.000	2361.000
999.000	2359.100
1000.000	2362.800
1001.000	2360.200
1002.000	2348.000
1003.000	2337.600
1004.000	2328.200
1005.000	2341.300
1006.000	2347.700
1007.000	2333.900
1008.000	2329.500
1009.000	2332.400
1010.000	2323.700
1011.000	2316.100
1012.000	2325.500
1013.000	2329.600
1014.000	2326.800
1015.000	2321.500
1016.000	2315.100
1017.000	2308.000
1018.000	2305.300
1019.000	2313.300
1020.000	2303.000
1021.000	2282.300
1022.000	2277.500
1023.000	2276.900
1024.000	2286.000
1025.000	2285.100
1026.000	2275.800
1027.000	2275.400
1028.000	2275.900
1029.000	2269.300
1030.000	2266.200
1031.000	2267.700
1032.000	2268.100
1033.000	2268.700
1034.000	2271.500
1035.000	2267.400
1036.000	2252.200
1037.000	2250.600
1038.000	2256.200
1039.000	2258.200
1040.000	2256.300
1041.000	2244.200
1042.000	2240.000
1043.000	2241.500
1044.000	2250.100
1045.000	2255.900
1046.000	2249.800
1047.000	2244.600
1048.000	2239.500
1049.000	2238.300
1050.000	2237.500
1051.000	2234.800
1052.000	2235.400
1053.000	2239.800
1054.000	2236.300
1055.000	2231.000
1056.000	2228.500
1057.000	2232.200
1058.000	2244.100
1059.000	2248.900
1060.000	2250.800
1061.000	2248.200
1062.000	2247.800
1063.000	2250.400
1064.000	2258.000
1065.000	2266.600
1066.000	2252.100
1067.000	2238.200
1068.000	2225.400
1069.000	2211.200
1070.000	2196.500
1071.000	2210.700
1072.000	2217.000
1073.000	2208.800
1074.000	2199.100
1075.000	2188.700
1076.000	2188.500
1077.000	2184.800
1078.000	2174.000
1079.000	2170.300
1080.000	2170.300
1081.000	2162.100
1082.000	2158.600
1083.000	2165.600
1084.000	2162.600
1085.000	2153.900
1086.000	2151.300
1087.000	2148.200
1088.000	2144.600
1089.000	2139.500
1090.000	2134.200
1091.000	2129.000
1092.000	2126.100
1093.000	2127.700
1094.000	2128.700
1095.000	2129.000
1096.000	2124.600
1097.000	2121.100
1098.000	2118.700
1099.000	2121.200
1100.000	2125.300
1101.000	2105.000
1102.000	2094.500
1103.000	2100.500
1104.000	2101.300
1105.000	2099.200
1106.000	2089.500
1107.000	2084.100
1108.000	2085.800
1109.000	2086.600
1110.000	2086.900
1111.000	2082.900
1112.000	2081.300
1113.000	2082.700
1114.000	2075.300
1115.000	2066.300
1116.000	2063.400
1117.000	2058.500
1118.000	2051.700
1119.000	2061.500
1120.000	2071.800
1121.000	2069.900
1122.000	2064.500
1123.000	2055.700
1124.000	2056.900
1125.000	2056.100
1126.000	2046.000
1127.000	2045.400
1128.000	2051.100
1129.000	2048.100
1130.000	2047.500
1131.000	2051.500
1132.000	2047.500
1133.000	2039.900
1134.000	2036.500
1135.000	2034.500
1136.000	2035.300
1137.000	2037.300
1138.000	2038.400
1139.000	2030.500
1140.000	2027.800
1141.000	2030.900
1142.000	2022.300
1143.000	2015.800
1144.000	2024.800
1145.000	2032.100
1146.000	2038.800
1147.000	2037.900
1148.000	2033.700
1149.000	2023.500
1150.000	2018.400
1151.000	2016.000
1152.000	2015.800
1153.000	2012.900
1154.000	2006.600
1155.000	2000.600
1156.000	1995.800
1157.000	1998.200
1158.000	1998.400
1159.000	1997.000
1160.000	1990.700
1161.000	1982.100
1162.000	1970.100
1163.000	1966.400
1164.000	1967.600
1165.000	1967.800
1166.000	1969.500
1167.000	1973.400
1168.000	1963.700
1169.000	1954.200
1170.000	1965.300
1171.000	1967.800
1172.000	1963.400
1173.000	1964.900
1174.000	1964.900
1175.000	1960.600
1176.000	1964.700
1177.000	1970.800
1178.000	1952.800
1179.000	1942.700
1180.000	1942.600
1181.000	1940.100
1182.000	1937.700
1183.000	1935.100
1184.000	1940.300
1185.000	1950.900
1186.000	1951.600
1187.000	1945.800
1188.000	1928.700
1189.000	1929.300
1190.000	1933.600
1191.000	1932.500
1192.000	1924.400
1193.000	1910.300
1194.000	1918.700
1195.000	1925.000
1196.000	1923.700
1197.000	1917.800
1198.000	1911.200
1199.000	1912.600
1200.000	1919.200
1201.000	1930.600
1202.000	1921.300
1203.000	1913.900
1204.000	1914.500
1205.000	1911.000
1206.000	1906.700
1207.000	1909.400
1208.000	1906.200
1209.000	1897.200
1210.000	1895.600
1211.000	1900.000
1212.000	1915.400
1213.000	1917.100
1214.000	1912.000
1215.000	1898.900
1216.000	1888.800
1217.000	1881.500
1218.000	1884.700
1219.000	1885.100
1220.000	1878.600
1221.000	1886.300
1222.000	1896.700
1223.000	1889.000
1224.000	1881.700
1225.000	1874.500
1226.000	1875.800
1227.000	1874.100
1228.000	1866.800
1229.000	1869.600
1230.000	1872.300
1231.000	1864.400
1232.000	1864.900
1233.000	1871.300
1234.000	1867.700
1235.000	1867.100
1236.000	1870.500
1237.000	1864.600
1238.000	1858.700
1239.000	1858.500
1240.000	1854.400
1241.000	1849.400
1242.000	1855.200
1243.000	1858.700
1244.000	1860.000
1245.000	1857.000
1246.000	1856.600
1247.000	1861.700
1248.000	1859.800
1249.000	1855.700
1250.000	1851.400
1251.000	1851.300
1252.000	1853.200
1253.000	1841.500
1254.000	1838.200
1255.000	1844.500
1256.000	1837.500
1257.000	1831.400
1258.000	1830.900
1259.000	1825.800
1260.000	1819.500
1261.000	1818.200
1262.000	1817.100
1263.000	1815.700
1264.000	1814.600
1265.000	1812.800
1266.000	1810.000
1267.000	1805.900
1268.000	1805.300
1269.000	1812.000
1270.000	1810.700
1271.000	1808.300
1272.000	1810.200
1273.000	1806.000
1274.000	1797.700
1275.000	1784.000
1276.000	1779.600
1277.000	1784.300
1278.000	1786.000
1279.000	1783.700
1280.000	1775.100
1281.000	1772.700
1282.000	1771.500
1283.000	1768.600
1284.000	1762.800
1285.000	1756.500
1286.000	1752.100
1287.000	1748.400
1288.000	1745.800
1289.000	1749.900
1290.000	1756.600
1291.000	1766.500
1292.000	1755.900
1293.000	1741.700
1294.000	1724.300
1295.000	1720.700
1296.000	1719.600
1297.000	1717.200
1298.000	1716.500
1299.000	1715.300
1300.000	1708.600
1301.000	1708.600
1302.000	1712.100
1303.000	1712.200
1304.000	1717.200
1305.000	1726.000
1306.000	1712.100
1307.000	1704.800
1308.000	1706.100
1309.000	1691.300
1310.000	1684.000
1311.000	1693.600
1312.000	1683.500
1313.000	1676.500
1314.000	1690.400
1315.000	1687.200
1316.000	1677.500
1317.000	1667.200
1318.000	1655.400
1319.000	1646.600
1320.000	1663.300
1321.000	1671.600
1322.000	1672.800
1323.000	1654.500
1324.000	1647.800
1325.000	1653.000
1326.000	1658.000
1327.000	1661.800
1328.000	1664.000
1329.000	1652.100
1330.000	1644.500
1331.000	1647.500
1332.000	1654.200
1333.000	1654.600
1334.000	1639.900
1335.000	1648.700
1336.000	1660.600
1337.000	1660.900
1338.000	1672.700
1339.000	1683.800
1340.000	1672.500
1341.000	1681.500
1342.000	1702.300
1343.000	1731.700
1344.000	1748.000
1345.000	1756.300
1346.000	1767.500
1347.000	1771.300
1348.000	1769.200
1349.000	1764.400
1350.000	1746.800
1351.000	1717.800
1352.000	1698.100
1353.000	1687.700
1354.000	1687.200
1355.000	1669.700
1356.000	1659.500
1357.000	1658.600
1358.000	1645.300
1359.000	1635.000
1360.000	1630.500
1361.000	1632.400
1362.000	1631.700
1363.000	1625.500
1364.000	1620.100
1365.000	1617.100
1366.000	1618.500
1367.000	1622.900
1368.000	1623.500
1369.000	1616.000
1370.000	1606.100
1371.000	1601.400
1372.000	1608.400
1373.000	1610.300
1374.000	1608.100
1375.000	1599.900
1376.000	1604.200
1377.000	1608.600
1378.000	1606.000
1379.000	1613.100
1380.000	1619.600
1381.000	1618.600
1382.000	1612.000
1383.000	1609.100
1384.000	1618.300
1385.000	1625.200
1386.000	1629.300
1387.000	1627.600
1388.000	1625.300
1389.000	1626.500
1390.000	1636.700
1391.000	1644.000
1392.000	1649.200
1393.000	1651.400
1394.000	1658.200
1395.000	1666.800
1396.000	1676.300
1397.000	1687.500
1398.000	1697.700
1399.000	1704.700
1400.000	1713.900
1401.000	1724.700
1402.000	1737.200
1403.000	1757.000
1404.000	1774.500
1405.000	1785.800
1406.000	1817.100
1407.000	1841.100
1408.000	1847.600
1409.000	1852.200
1410.000	1858.400
1411.000	1867.000
1412.000	1887.400
1413.000	1898.800
1414.000	1897.300
1415.000	1886.300
1416.000	1880.800
1417.000	1882.600
1418.000	1881.000
1419.000	1868.700
1420.000	1846.100
1421.000	1831.500
1422.000	1806.200
1423.000	1773.400
1424.000	1761.900
1425.000	1752.200
1426.000	1742.500
1427.000	1720.100
1428.000	1704.300
1429.000	1691.600
1430.000	1676.300
1431.000	1657.900
1432.000	1639.100
1433.000	1623.200
1434.000	1622.500
1435.000	1619.600
1436.000	1594.500
1437.000	1584.700
1438.000	1582.500
1439.000	1588.800
1440.000	1577.000
1441.000	1562.600
1442.000	1548.800
1443.000	1551.500
1444.000	1550.500
1445.000	1544.600
1446.000	1534.000
1447.000	1528.700
1448.000	1528.200
1449.000	1524.400
1450.000	1515.700
1451.000	1504.700
1452.000	1498.100
1453.000	1495.500
1454.000	1495.800
1455.000	1499.800
1456.000	1499.000
1457.000	1491.400
1458.000	1470.600
1459.000	1484.800
1460.000	1493.900
1461.000	1485.300
1462.000	1475.100
1463.000	1474.100
1464.000	1482.700
1465.000	1477.100
1466.000	1468.100
1467.000	1458.800
1468.000	1466.900
1469.000	1466.700
1470.000	1462.200
1471.000	1457.400
1472.000	1447.100
1473.000	1439.300
1474.000	1439.100
1475.000	1440.800
1476.000	1444.500
1477.000	1451.500
1478.000	1449.200
1479.000	1447.300
1480.000	1445.500
1481.000	1440.100
1482.000	1442.400
1483.000	1447.700
1484.000	1448.700
1485.000	1441.500
1486.000	1439.100
1487.000	1451.100
1488.000	1444.800
1489.000	1439.600
1490.000	1438.200
1491.000	1434.100
1492.000	1437.200
1493.000	1443.700
1494.000	1433.900
1495.000	1433.500
1496.000	1436.600
1497.000	1438.800
1498.000	1436.700
1499.000	1436.500
1500.000	1440.700
1501.000	1440.200
1502.000	1436.100
1503.000	1430.700
1504.000	1443.500
1505.000	1444.700
1506.000	1441.900
1507.000	1445.100
1508.000	1456.400
1509.000	1460.100
1510.000	1448.800
1511.000	1456.900
1512.000	1457.900
1513.000	1454.500
1514.000	1472.100
1515.000	1471.000
1516.000	1462.600
1517.000	1458.600
1518.000	1468.500
1519.000	1472.500
1520.000	1464.200
1521.000	1481.000
1522.000	1481.400
1523.000	1473.100
1524.000	1486.900
1525.000	1486.000
1526.000	1482.400
1527.000	1483.500
1528.000	1482.100
1529.000	1485.900
1530.000	1494.300
1531.000	1495.900
1532.000	1507.100
1533.000	1517.100
1534.000	1509.000
1535.000	1516.400
1536.000	1525.700
1537.000	1532.900
1538.000	1531.000
1539.000	1533.600
1540.000	1540.100
1541.000	1550.600
1542.000	1549.800
1543.000	1553.800
1544.000	1570.000
1545.000	1578.800
1546.000	1588.200
1547.000	1598.700
1548.000	1611.100
1549.000	1611.800
1550.000	1610.500
1551.000	1612.400
1552.000	1630.200
1553.000	1645.400
1554.000	1656.800
1555.000	1657.200
1556.000	1668.600
1557.000	1678.600
1558.000	1682.200
1559.000	1695.100
1560.000	1694.700
1561.000	1688.200
1562.000	1699.900
1563.000	1705.100
1564.000	1714.400
1565.000	1733.000
1566.000	1744.700
1567.000	1747.200
1568.000	1748.200
1569.000	1766.600
1570.000	1780.600
1571.000	1791.400
1572.000	1798.900
1573.000	1804.600
1574.000	1810.600
1575.000	1819.100
1576.000	1833.600
1577.000	1845.500
1578.000	1848.100
1579.000	1844.300
1580.000	1869.200
1581.000	1896.000
1582.000	1917.800
1583.000	1929.200
1584.000	1935.700
1585.000	1940.600
1586.000	1949.300
1587.000	1974.800
1588.000	1977.900
1589.000	1983.100
1590.000	1997.300
1591.000	2027.900
1592.000	2035.500
1593.000	2040.800
1594.000	2062.800
1595.000	2088.600
1596.000	2107.500
1597.000	2122.200
1598.000	2141.200
1599.000	2163.800
1600.000	2189.300
1601.000	2214.500
1602.000	2210.700
1603.000	2211.000
1604.000	2224.300
1605.000	2259.300
1606.000	2285.000
1607.000	2298.200
1608.000	2307.500
1609.000	2327.900
1610.000	2336.600
1611.000	2359.800
1612.000	2396.200
1613.000	2418.800
1614.000	2427.800
1615.000	2436.800
1616.000	2451.700
1617.000	2472.300
1618.000	2487.100
1619.000	2498.900
1620.000	2511.000
1621.000	2531.200
1622.000	2544.800
1623.000	2555.900
1624.000	2570.900
1625.000	2580.100
1626.000	2584.000
1627.000	2587.000
1628.000	2599.500
1629.000	2604.200
1630.000	2607.200
1631.000	2611.000
1632.000	2622.800
1633.000	2624.500
1634.000	2622.300
1635.000	2619.100
1636.000	2628.000
1637.000	2632.000
1638.000	2629.700
1639.000	2620.600
1640.000	2621.200
1641.000	2610.800
1642.000	2600.600
1643.000	2598.800
1644.000	2603.100
1645.000	2596.800
1646.000	2583.400
1647.000	2566.100
1648.000	2564.700
1649.000	2567.000
1650.000	2557.500
1651.000	2518.500
1652.000	2505.700
1653.000	2492.200
1654.000	2479.800
1655.000	2472.600
1656.000	2454.700
1657.000	2440.200
1658.000	2426.000
1659.000	2407.300
1660.000	2388.700
1661.000	2363.900
1662.000	2331.900
1663.000	2290.300
1664.000	2276.100
1665.000	2265.600
1666.000	2247.800
1667.000	2209.000
1668.000	2184.400
1669.000	2159.400
1670.000	2138.300
1671.000	2126.600
1672.000	2085.400
1673.000	2050.700
1674.000	2023.300
1675.000	2003.400
1676.000	1975.000
1677.000	1950.700
1678.000	1929.000
1679.000	1908.500
1680.000	1880.400
1681.000	1844.300
1682.000	1810.600
1683.000	1785.900
1684.000	1774.900
1685.000	1744.900
1686.000	1717.400
1687.000	1697.500
1688.000	1676.600
1689.000	1651.400
1690.000	1624.300
1691.000	1595.500
1692.000	1566.200
1693.000	1549.300
1694.000	1531.800
1695.000	1506.400
1696.000	1463.600
1697.000	1452.300
1698.000	1427.600
1699.000	1403.500
1700.000	1392.200
1701.000	1359.400
1702.000	1333.800
1703.000	1317.100
1704.000	1304.800
1705.000	1269.500
1706.000	1244.700
1707.000	1226.500
1708.000	1212.100
1709.000	1194.500
1710.000	1177.500
1711.000	1163.400
1712.000	1146.100
1713.000	1117.100
1714.000	1104.600
1715.000	1090.500
1716.000	1075.000
1717.000	1058.800
1718.000	1040.300
1719.000	1023.300
1720.000	1006.100
1721.000	988.800
1722.000	971.300
1723.000	957.500
1724.000	946.100
1725.000	933.600
1726.000	917.800
1727.000	902.800
1728.000	889.400
1729.000	877.700
1730.000	871.200
1731.000	879.500
1732.000	853.300
1733.000	836.600
1734.000	825.200
1735.000	810.700
1736.000	798.200
1737.000	783.000
1738.000	772.700
1739.000	765.100
1740.000	745.500
1741.000	740.000
1742.000	735.400
1743.000	724.300
1744.000	704.900
1745.000	701.300
1746.000	694.500
1747.000	688.800
1748.000	680.400
1749.000	659.800
1750.000	649.200
1751.000	650.400
1752.000	644.700
1753.000	627.500
1754.000	620.000
1755.000	618.000
1756.000	608.700
1757.000	596.200
1758.000	587.000
1759.000	577.000
1760.000	574.900
1761.000	567.300
1762.000	557.100
1763.000	554.300
1764.000	538.800
1765.000	530.800
1766.000	527.900
1767.000	525.100
1768.000	513.400
1769.000	503.800
1770.000	499.600
1771.000	488.100
1772.000	469.000
1773.000	467.000
1774.000	469.400
1775.000	461.100
1776.000	453.500
1777.000	452.600
1778.000	439.800
1779.000	432.400
1780.000	425.700
1781.000	420.400
1782.000	417.700
1783.000	413.700
1784.000	409.800
1785.000	394.800
1786.000	379.000
1787.000	373.000
1788.000	368.000
1789.000	361.200
1790.000	362.900
1791.000	363.600
1792.000	355.200
1793.000	349.000
1794.000	345.100
1795.000	343.000
1796.000	338.200
1797.000	328.900
1798.000	319.700
1799.000	313.700
1800.000	316.900
1801.000	312.900
1802.000	297.700
1803.000	290.700
1804.000	292.300
1805.000	284.000
1806.000	279.500
1807.000	280.400
1808.000	273.700
1809.000	270.500
1810.000	262.900
1811.000	255.500
1812.000	250.800
1813.000	250.800
1814.000	249.100
1815.000	252.200
1816.000	250.200
1817.000	243.400
1818.000	235.100
1819.000	227.500
1820.000	224.100
1821.000	223.000
1822.000	218.600
1823.000	214.200
1824.000	222.200
1825.000	217.500
1826.000	204.100
1827.000	196.200
1828.000	192.200
1829.000	189.100
1830.000	197.500
1831.000	193.800
1832.000	186.400
1833.000	181.800
1834.000	180.400
1835.000	178.700
1836.000	179.200
1837.000	177.400
1838.000	174.300
1839.000	167.000
1840.000	160.400
1841.000	174.600
1842.000	153.700
1843.000	154.900
1844.000	153.200
1845.000	149.600
1846.000	151.700
1847.000	137.700
1848.000	148.200
1849.000	146.000
1850.000	140.700
1851.000	139.500
1852.000	142.600
1853.000	142.000
1854.000	135.500
1855.000	137.000
1856.000	132.400
1857.000	123.200
1858.000	125.500
1859.000	121.500
1860.000	126.500
1861.000	131.800
1862.000	123.600
1863.000	109.900
1864.000	113.400
1865.000	114.000
1866.000	111.700
1867.000	115.500
1868.000	113.500
1869.000	108.900
1870.000	111.700
1871.000	103.000
1872.000	109.900
1873.000	105.200
1874.000	106.600
1875.000	109.400
1876.000	105.000
1877.000	110.500
1878.000	92.600
1879.000	93.700
1880.000	98.200
1881.000	96.900
1882.000	93.000
1883.000	99.000
1884.000	94.700
1885.000	89.500
1886.000	90.700
1887.000	90.400
1888.000	87.100
1889.000	86.800
1890.000	94.300
1891.000	88.500
1892.000	81.300
1893.000	79.200
1894.000	77.500
1895.000	73.900
1896.000	74.300
1897.000	86.200
1898.000	75.000
1899.000	80.600
1900.000	75.500
1901.000	70.200
1902.000	75.900
1903.000	77.500
1904.000	71.900
1905.000	71.800
1906.000	67.600
1907.000	65.400
1908.000	65.200
1909.000	66.000
1910.000	69.600
1911.000	75.600
1912.000	71.500
1913.000	66.500
1914.000	67.900
1915.000	65.700
1916.000	56.600
1917.000	52.400
1918.000	53.000
1919.000	56.200
1920.000	68.100
1921.000	63.600
1922.000	60.300
1923.000	61.100
1924.000	54.400
1925.000	55.000
1926.000	53.700
1927.000	51.500
1928.000	52.200
1929.000	50.700
1930.000	47.000
1931.000	46.900
1932.000	54.700
1933.000	53.100
1934.000	58.200
1935.000	57.200
1936.000	52.200
1937.000	47.100
1938.000	45.000
1939.000	45.400
1940.000	45.300
1941.000	41.100
1942.000	40.700
1943.000	39.300
1944.000	41.400
1945.000	41.100
1946.000	43.300
1947.000	46.700
1948.000	40.200
1949.000	39.800
1950.000	33.600
1951.000	37.300
1952.000	29.500
1953.000	28.700
1954.000	29.800
1955.000	32.500
1956.000	39.000
1957.000	30.100
1958.000	34.700
1959.000	44.400
1960.000	37.100
1961.000	36.600
1962.000	38.900
1963.000	39.100
1964.000	35.900
1965.000	29.500
1966.000	28.400
1967.000	34.600
1968.000	32.400
1969.000	29.200
1970.000	38.900
1971.000	37.200
1972.000	32.700
1973.000	33.200
1974.000	34.000
1975.000	39.800
1976.000	39.400
1977.000	34.300
1978.000	37.500
1979.000	33.800
1980.000	39.700
1981.000	41.200
1982.000	39.900
1983.000	36.800
1984.000	30.500
1985.000	36.800
1986.000	28.800
1987.000	33.100
1988.000	33.400
1989.000	34.000
1990.000	31.400
1991.000	33.100
1992.000	34.500
1993.000	31.300
1994.000	28.800
1995.000	30.500
1996.000	31.000
1997.000	25.000
1998.000	35.300
1999.000	37.600
2000.000	32.200
