200.000	9723.600
201.000	9695.200
202.000	9696.100
203.000	9694.300
204.000	9675.400
205.000	9657.000
206.000	9642.900
207.000	9629.100
208.000	9609.600
209.000	9590.000
210.000	9578.700
211.000	9568.700
212.000	9556.900
213.000	9544.700
214.000	9528.600
215.000	9511.000
216.000	9497.700
217.000	9487.100
218.000	9460.800
219.000	9420.100
220.000	9393.800
221.000	9384.600
222.000	9363.600
223.000	9320.800
224.000	9283.600
225.000	9260.800
226.000	9234.600
227.000	9194.600
228.000	9155.900
229.000	9129.300
230.000	9101.500
231.000	9052.700
232.000	9003.700
233.000	8963.300
234.000	8922.900
235.000	8879.000
236.000	8834.700
237.000	8799.100
238.000	8765.600
239.000	8726.600
240.000	8685.500
241.000	8638.400
242.000	8588.300
243.000	8547.900
244.000	8514.600
245.000	8483.000
246.000	8453.200
247.000	8435.000
248.000	8430.900
249.000	8414.800
250.000	8377.600
251.000	8344.100
252.000	8319.100
253.000	8295.800
254.000	8277.700
255.000	8262.700
256.000	8261.800
257.000	8258.900
258.000	8233.500
259.000	8208.900
260.000	8198.300
261.000	8187.200
262.000	8190.900
263.000	8195.200
264.000	8181.300
265.000	8165.300
266.000	8177.300
267.000	8194.600
268.000	8186.600
269.000	8171.500
270.000	8169.700
271.000	8173.500
272.000	8167.500
273.000	8156.000
274.000	8151.400
275.000	8151.900
276.000	8152.600
277.000	8154.200
278.000	8149.700
279.000	8138.500
280.000	8122.200
281.000	8098.400
282.000	8079.900
283.000	8070.200
284.000	8060.300
285.000	8050.300
286.000	8041.300
287.000	8035.700
288.000	8026.000
289.000	7998.700
290.000	7974.700
291.000	7969.100
292.000	7963.700
293.000	7956.200
294.000	7947.600
295.000	7914.400
296.000	7880.900
297.000	7869.900
298.000	7858.800
299.000	7849.100
300.000	7839.300
301.000	7832.900
302.000	7826.800
303.000	7815.400
304.000	7803.100
305.000	7782.500
306.000	7759.700
307.000	7772.800
308.000	7797.000
309.000	7797.800
310.000	7789.500
311.000	7786.000
312.000	7785.000
313.000	7787.500
314.000	7792.400
315.000	7801.600
316.000	7814.400
317.000	7828.200
318.000	7843.000
319.000	7858.800
320.000	7875.400
321.000	7886.200
322.000	7890.400
323.000	7902.700
324.000	7925.000
325.000	7945.000
326.000	7960.800
327.000	7981.100
328.000	8008.000
329.000	8032.500
330.000	8050.800
331.000	8074.400
332.000	8111.100
333.000	8147.300
334.000	8181.800
335.000	8209.500
336.000	8214.400
337.000	8221.800
338.000	8240.000
339.000	8259.400
340.000	8284.600
341.000	8309.600
342.000	8333.500
343.000	8356.800
344.000	8377.700
345.000	8396.700
346.000	8398.000
347.000	8400.900
348.000	8441.100
349.000	8480.400
350.000	8485.400
351.000	8490.400
352.000	8501.800
353.000	8512.900
354.000	8519.400
355.000	8525.800
356.000	8527.700
357.000	8529.000
358.000	8531.700
359.000	8534.600
360.000	8562.300
361.000	8592.800
362.000	8616.700
363.000	8639.900
364.000	8657.800
365.000	8675.000
366.000	8687.700
367.000	8699.400
368.000	8724.000
369.000	8751.200
370.000	8770.400
371.000	8787.500
372.000	8794.200
373.000	8798.200
374.000	8815.700
375.000	8837.000
376.000	8855.500
377.000	8873.500
378.000	8886.000
379.000	8896.600
380.000	8913.600
381.000	8932.300
382.000	8937.800
383.000	8938.400
384.000	8961.700
385.000	8993.700
386.000	9014.800
387.000	9031.500
388.000	9052.500
389.000	9075.600
390.000	9068.300
391.000	9048.100
392.000	9071.100
393.000	9113.200
394.000	9138.700
395.000	9156.200
396.000	9181.800
397.000	9211.300
398.000	9214.100
399.000	9204.400
400.000	9226.400
401.000	9263.600
402.000	9276.600
403.000	9278.000
404.000	9293.900
405.000	9316.900
406.000	9306.900
407.000	9280.400
408.000	9293.300
409.000	9325.000
410.000	9339.100
411.000	9344.200
412.000	9348.200
413.000	9351.600
414.000	9361.100
415.000	9373.300
416.000	9374.100
417.000	9370.000
418.000	9371.700
419.000	9375.900
420.000	9362.500
421.000	9341.900
422.000	9326.500
423.000	9312.900
424.000	9312.100
425.000	9316.000
426.000	9300.900
427.000	9278.600
428.000	9256.400
429.000	9234.200
430.000	9233.200
431.000	9240.000
432.000	9226.900
433.000	9207.100
434.000	9205.900
435.000	9209.700
436.000	9195.300
437.000	9175.700
438.000	9177.900
439.000	9185.900
440.000	9170.800
441.000	9150.100
442.000	9138.200
443.000	9128.800
444.000	9121.300
445.000	9114.400
446.000	9114.700
447.000	9116.100
448.000	9096.900
449.000	9075.200
450.000	9054.700
451.000	9034.800
452.000	9038.600
453.000	9045.000
454.000	9019.200
455.000	8991.800
456.000	8979.600
457.000	8967.900
458.000	8977.600
459.000	8987.300
460.000	8966.200
461.000	8945.700
462.000	8946.900
463.000	8947.000
464.000	8934.000
465.000	8921.900
466.000	8922.600
467.000	8921.000
468.000	8901.500
469.000	8884.700
470.000	8882.500
471.000	8878.900
472.000	8867.300
473.000	8862.000
474.000	8880.300
475.000	8890.200
476.000	8874.500
477.000	8863.400
478.000	8865.300
479.000	8873.000
480.000	8894.000
481.000	8903.800
482.000	8892.300
483.000	8894.000
484.000	8918.600
485.000	8932.100
486.000	8930.100
487.000	8917.200
488.000	8890.200
489.000	8878.500
490.000	8882.100
491.000	8864.700
492.000	8827.900
493.000	8792.700
494.000	8758.400
495.000	8713.100
496.000	8660.800
497.000	8614.400
498.000	8571.200
499.000	8528.200
500.000	8485.600
501.000	8434.300
502.000	8379.600
503.000	8331.700
504.000	8285.400
505.000	8255.200
506.000	8228.200
507.000	8159.700
508.000	8085.100
509.000	8048.100
510.000	8014.200
511.000	7987.000
512.000	7959.600
513.000	7903.500
514.000	7849.800
515.000	7826.000
516.000	7799.500
517.000	7751.800
518.000	7710.700
519.000	7703.400
520.000	7688.700
521.000	7645.700
522.000	7600.100
523.000	7546.800
524.000	7507.400
525.000	7496.200
526.000	7479.400
527.000	7453.800
528.000	7420.700
529.000	7378.200
530.000	7348.900
531.000	7333.200
532.000	7322.600
533.000	7316.100
534.000	7308.100
535.000	7299.600
536.000	7273.700
537.000	7239.400
538.000	7227.300
539.000	7223.100
540.000	7210.400
541.000	7195.600
542.000	7184.100
543.000	7173.600
544.000	7161.000
545.000	7148.300
546.000	7132.800
547.000	7117.200
548.000	7104.800
549.000	7092.300
550.000	7080.300
551.000	7067.000
552.000	7050.400
553.000	7035.000
554.000	7023.500
555.000	7013.100
556.000	7005.800
557.000	6993.300
558.000	6972.700
559.000	6954.800
560.000	6939.700
561.000	6921.200
562.000	6899.800
563.000	6892.100
564.000	6893.500
565.000	6882.400
566.000	6865.300
567.000	6848.000
568.000	6830.000
569.000	6819.400
570.000	6810.200
571.000	6795.300
572.000	6780.200
573.000	6771.900
574.000	6763.500
575.000	6753.400
576.000	6743.700
577.000	6736.000
578.000	6721.600
579.000	6684.500
580.000	6663.300
581.000	6679.400
582.000	6684.500
583.000	6671.500
584.000	6658.200
585.000	6644.400
586.000	6636.900
587.000	6633.600
588.000	6623.800
589.000	6609.900
590.000	6604.800
591.000	6602.800
592.000	6590.300
593.000	6575.400
594.000	6573.300
595.000	6572.800
596.000	6564.100
597.000	6555.500
598.000	6551.300
599.000	6544.900
600.000	6526.100
601.000	6511.600
602.000	6510.000
603.000	6508.200
604.000	6506.000
605.000	6498.200
606.000	6482.600
607.000	6472.400
608.000	6467.200
609.000	6447.100
610.000	6417.700
611.000	6405.000
612.000	6398.800
613.000	6376.300
614.000	6350.600
615.000	6330.000
616.000	6310.000
617.000	6294.400
618.000	6278.900
619.000	6266.800
620.000	6257.100
621.000	6256.800
622.000	6251.900
623.000	6238.400
624.000	6225.700
625.000	6214.400
626.000	6196.000
627.000	6170.600
628.000	6160.100
629.000	6159.000
630.000	6152.300
631.000	6143.300
632.000	6138.600
633.000	6134.700
634.000	6130.000
635.000	6124.800
636.000	6112.400
637.000	6099.500
638.000	6082.100
639.000	6068.200
640.000	6064.900
641.000	6062.600
642.000	6062.500
643.000	6059.900
644.000	6054.500
645.000	6047.300
646.000	6038.800
647.000	6046.800
648.000	6062.000
649.000	6049.900
650.000	6031.500
651.000	6039.800
652.000	6048.700
653.000	6017.400
654.000	5989.700
655.000	5980.300
656.000	5971.700
657.000	5965.400
658.000	5945.500
659.000	5905.100
660.000	5872.400
661.000	5847.200
662.000	5822.400
663.000	5797.800
664.000	5782.700
665.000	5770.800
666.000	5743.300
667.000	5714.000
668.000	5693.400
669.000	5672.700
670.000	5650.700
671.000	5631.800
672.000	5621.900
673.000	5608.000
674.000	5587.600
675.000	5566.500
676.000	5544.600
677.000	5528.400
678.000	5515.500
679.000	5495.500
680.000	5473.400
681.000	5467.700
682.000	5464.000
683.000	5431.900
684.000	5402.100
685.000	5386.800
686.000	5372.000
687.000	5357.700
688.000	5344.200
689.000	5331.300
690.000	5318.300
691.000	5305.400
692.000	5289.500
693.000	5272.300
694.000	5259.900
695.000	5248.700
696.000	5231.200
697.000	5214.900
698.000	5217.600
699.000	5216.400
700.000	5200.900
701.000	5184.000
702.000	5164.000
703.000	5144.600
704.000	5126.400
705.000	5121.300
706.000	5124.300
707.000	5102.900
708.000	5074.800
709.000	5053.500
710.000	5033.600
711.000	5024.100
712.000	5014.200
713.000	5002.700
714.000	4999.400
715.000	5011.800
716.000	5013.700
717.000	5005.300
718.000	5001.400
719.000	5000.200
720.000	4984.800
721.000	4965.400
722.000	4962.800
723.000	4960.200
724.000	4950.900
725.000	4939.500
726.000	4920.000
727.000	4907.300
728.000	4905.100
729.000	4891.100
730.000	4866.800
731.000	4863.000
732.000	4867.700
733.000	4847.100
734.000	4822.400
735.000	4816.700
736.000	4812.900
737.000	4820.400
738.000	4819.300
739.000	4799.500
740.000	4795.200
741.000	4807.700
742.000	4795.800
743.000	4769.600
744.000	4752.400
745.000	4737.000
746.000	4727.500
747.000	4717.300
748.000	4701.900
749.000	4687.500
750.000	4674.700
751.000	4664.400
752.000	4657.100
753.000	4640.800
754.000	4618.300
755.000	4615.100
756.000	4617.300
757.000	4624.500
758.000	4629.600
759.000	4615.600
760.000	4602.500
761.000	4591.600
762.000	4585.300
763.000	4584.700
764.000	4572.800
765.000	4553.500
766.000	4542.900
767.000	4534.500
768.000	4525.300
769.000	4515.600
770.000	4502.700
771.000	4493.900
772.000	4495.100
773.000	4491.400
774.000	4482.700
775.000	4470.900
776.000	4457.100
777.000	4447.600
778.000	4438.900
779.000	4442.200
780.000	4443.400
781.000	4435.000
782.000	4427.100
783.000	4420.200
784.000	4413.300
785.000	4406.300
786.000	4396.600
787.000	4385.700
788.000	4360.800
789.000	4335.100
790.000	4318.200
791.000	4302.500
792.000	4289.200
793.000	4275.000
794.000	4260.300
795.000	4256.200
796.000	4258.500
797.000	4254.300
798.000	4248.800
799.000	4227.400
800.000	4207.500
801.000	4195.100
802.000	4182.500
803.000	4169.100
804.000	4160.100
805.000	4153.700
806.000	4145.200
807.000	4135.700
808.000	4117.400
809.000	4098.300
810.000	4078.100
811.000	4061.000
812.000	4050.100
813.000	4037.000
814.000	4021.600
815.000	4008.500
816.000	3996.500
817.000	3977.100
818.000	3957.700
819.000	3950.900
820.000	3941.700
821.000	3928.000
822.000	3903.900
823.000	3870.100
824.000	3865.900
825.000	3874.200
826.000	3860.600
827.000	3845.400
828.000	3843.100
829.000	3837.300
830.000	3822.800
831.000	3808.100
832.000	3793.100
833.000	3788.500
834.000	3788.300
835.000	3769.400
836.000	3750.300
837.000	3742.000
838.000	3730.600
839.000	3712.700
840.000	3702.600
841.000	3699.300
842.000	3688.400
843.000	3674.800
844.000	3644.100
845.000	3616.300
846.000	3611.100
847.000	3605.400
848.000	3598.400
849.000	3584.000
850.000	3564.200
851.000	3554.100
852.000	3546.600
853.000	3529.300
854.000	3512.000
855.000	3493.400
856.000	3477.000
857.000	3463.700
858.000	3448.200
859.000	3431.900
860.000	3422.200
861.000	3412.400
862.000	3395.700
863.000	3381.300
864.000	3372.100
865.000	3355.700
866.000	3332.800
867.000	3319.000
868.000	3308.000
869.000	3295.600
870.000	3284.400
871.000	3280.200
872.000	3269.800
873.000	3250.900
874.000	3243.700
875.000	3243.700
876.000	3227.700
877.000	3209.200
878.000	3196.700
879.000	3182.700
880.000	3165.700
881.000	3154.400
882.000	3149.200
883.000	3134.400
884.000	3117.300
885.000	3119.300
886.000	3116.400
887.000	3095.100
888.000	3087.300
889.000	3095.600
890.000	3086.700
891.000	3069.800
892.000	3057.000
893.000	3046.300
894.000	3044.400
895.000	3035.700
896.000	3017.100
897.000	3001.300
898.000	2987.900
899.000	2997.200
900.000	3007.400
901.000	2993.700
902.000	2979.500
903.000	2964.100
904.000	2962.400
905.000	2970.100
906.000	2975.800
907.000	2980.800
908.000	2976.100
909.000	2972.600
910.000	2971.900
911.000	2984.000
912.000	3007.000
913.000	3011.000
914.000	3010.900
915.000	3049.300
916.000	3083.800
917.000	3109.200
918.000	3150.400
919.000	3205.900
920.000	3270.800
921.000	3339.200
922.000	3465.600
923.000	3593.400
924.000	3724.300
925.000	3815.900
926.000	3871.400
927.000	3886.500
928.000	3887.700
929.000	3783.000
930.000	3668.900
931.000	3530.100
932.000	3403.900
933.000	3288.600
934.000	3183.700
935.000	3083.300
936.000	3022.000
937.000	2963.000
938.000	2909.900
939.000	2862.400
940.000	2819.300
941.000	2783.000
942.000	2750.600
943.000	2751.000
944.000	2740.800
945.000	2709.300
946.000	2687.900
947.000	2673.600
948.000	2659.800
949.000	2647.500
950.000	2648.900
951.000	2646.200
952.000	2636.200
953.000	2627.300
954.000	2619.300
955.000	2610.500
956.000	2601.300
957.000	2591.000
958.000	2579.600
959.000	2567.300
960.000	2564.900
961.000	2566.700
962.000	2562.000
963.000	2556.400
964.000	2547.300
965.000	2537.700
966.000	2528.100
967.000	2532.600
968.000	2539.600
969.000	2529.000
970.000	2517.800
971.000	2505.500
972.000	2500.500
973.000	2500.000
974.000	2499.000
975.000	2497.600
976.000	2496.100
977.000	2490.000
978.000	2477.900
979.000	2473.700
980.000	2472.600
981.000	2460.700
982.000	2452.900
983.000	2456.500
984.000	2453.700
985.000	2445.900
986.000	2429.400
987.000	2413.100
988.000	2415.900
989.000	2417.700
990.000	2418.600
991.000	2416.400
992.000	2412.700
993.000	2398.400
994.000	2390.500
995.000	2403.100
996.000	2398.700
997.000	2379.800
998.000	2379.000
999.000	2381.400
1000.000	2372.400
1001.000	2364.700
1002.000	2358.500
1003.000	2354.500
1004.000	2351.200
1005.000	2344.800
1006.000	2337.500
1007.000	2327.200
1008.000	2324.300
1009.000	2326.700
1010.000	2316.500
1011.000	2307.700
1012.000	2316.100
1013.000	2322.000
1014.000	2325.400
1015.000	2320.400
1016.000	2313.200
1017.000	2319.300
1018.000	2321.500
1019.000	2314.800
1020.000	2304.800
1021.000	2293.100
1022.000	2291.100
1023.000	2288.200
1024.000	2279.600
1025.000	2279.600
1026.000	2286.500
1027.000	2291.500
1028.000	2294.700
1029.000	2290.700
1030.000	2284.300
1031.000	2275.400
1032.000	2275.200
1033.000	2277.700
1034.000	2274.100
1035.000	2272.100
1036.000	2272.500
1037.000	2270.200
1038.000	2266.200
1039.000	2263.500
1040.000	2260.300
1041.000	2255.400
1042.000	2257.100
1043.000	2262.700
1044.000	2263.000
1045.000	2262.900
1046.000	2263.500
1047.000	2262.400
1048.000	2259.600
1049.000	2256.700
1050.000	2254.800
1051.000	2258.500
1052.000	2258.200
1053.000	2253.700
1054.000	2256.000
1055.000	2259.100
1056.000	2259.800
1057.000	2262.800
1058.000	2268.700
1059.000	2269.000
1060.000	2268.400
1061.000	2277.500
1062.000	2289.100
1063.000	2304.400
1064.000	2315.000
1065.000	2322.900
1066.000	2303.400
1067.000	2286.800
1068.000	2275.000
1069.000	2265.800
1070.000	2258.000
1071.000	2244.700
1072.000	2235.400
1073.000	2233.100
1074.000	2225.200
1075.000	2213.900
1076.000	2206.200
1077.000	2199.100
1078.000	2193.700
1079.000	2185.100
1080.000	2175.200
1081.000	2176.800
1082.000	2178.700
1083.000	2180.800
1084.000	2172.100
1085.000	2157.400
1086.000	2173.700
1087.000	2177.600
1088.000	2153.900
1089.000	2151.200
1090.000	2159.500
1091.000	2142.800
1092.000	2135.600
1093.000	2148.100
1094.000	2152.000
1095.000	2151.700
1096.000	2142.700
1097.000	2134.300
1098.000	2127.200
1099.000	2119.500
1100.000	2111.600
1101.000	2106.300
1102.000	2103.900
1103.000	2106.700
1104.000	2108.400
1105.000	2109.200
1106.000	2103.700
1107.000	2097.500
1108.000	2090.500
1109.000	2087.200
1110.000	2085.100
1111.000	2081.200
1112.000	2077.700
1113.000	2074.700
1114.000	2076.200
1115.000	2079.100
1116.000	2080.600
1117.000	2082.300
1118.000	2084.100
1119.000	2079.600
1120.000	2073.100
1121.000	2062.200
1122.000	2059.100
1123.000	2063.100
1124.000	2065.100
1125.000	2065.100
1126.000	2059.300
1127.000	2058.100
1128.000	2060.100
1129.000	2056.900
1130.000	2054.900
1131.000	2056.400
1132.000	2054.600
1133.000	2050.500
1134.000	2036.600
1135.000	2034.900
1136.000	2052.500
1137.000	2055.200
1138.000	2053.000
1139.000	2052.500
1140.000	2048.100
1141.000	2039.500
1142.000	2030.000
1143.000	2022.400
1144.000	2022.600
1145.000	2024.400
1146.000	2027.700
1147.000	2033.100
1148.000	2033.300
1149.000	2021.300
1150.000	2019.200
1151.000	2021.500
1152.000	2019.200
1153.000	2015.500
1154.000	2009.900
1155.000	2009.700
1156.000	2010.800
1157.000	2010.600
1158.000	2002.100
1159.000	1986.400
1160.000	1993.700
1161.000	1998.900
1162.000	1991.000
1163.000	1990.300
1164.000	1993.200
1165.000	1985.300
1166.000	1980.300
1167.000	1979.800
1168.000	1975.800
1169.000	1972.500
1170.000	1978.000
1171.000	1981.000
1172.000	1981.700
1173.000	1975.100
1174.000	1966.700
1175.000	1955.500
1176.000	1955.500
1177.000	1960.400
1178.000	1955.300
1179.000	1951.200
1180.000	1947.600
1181.000	1938.700
1182.000	1932.100
1183.000	1938.000
1184.000	1941.600
1185.000	1944.000
1186.000	1936.200
1187.000	1936.400
1188.000	1949.700
1189.000	1939.100
1190.000	1925.700
1191.000	1933.000
1192.000	1933.300
1193.000	1927.600
1194.000	1925.300
1195.000	1923.600
1196.000	1922.700
1197.000	1921.700
1198.000	1920.800
1199.000	1925.400
1200.000	1927.300
1201.000	1926.300
1202.000	1926.300
1203.000	1926.300
1204.000	1926.700
1205.000	1924.400
1206.000	1921.000
1207.000	1923.400
1208.000	1921.800
1209.000	1916.100
1210.000	1912.300
1211.000	1910.200
1212.000	1912.000
1213.000	1906.100
1214.000	1897.300
1215.000	1891.600
1216.000	1895.000
1217.000	1906.800
1218.000	1893.800
1219.000	1885.100
1220.000	1889.800
1221.000	1890.700
1222.000	1890.500
1223.000	1895.000
1224.000	1891.900
1225.000	1882.800
1226.000	1887.900
1227.000	1893.200
1228.000	1897.500
1229.000	1888.700
1230.000	1878.500
1231.000	1882.000
1232.000	1885.900
1233.000	1889.800
1234.000	1881.900
1235.000	1877.100
1236.000	1875.800
1237.000	1868.000
1238.000	1863.200
1239.000	1871.400
1240.000	1866.700
1241.000	1857.400
1242.000	1859.200
1243.000	1857.700
1244.000	1853.600
1245.000	1849.800
1246.000	1851.800
1247.000	1863.600
1248.000	1863.700
1249.000	1859.600
1250.000	1851.300
1251.000	1849.900
1252.000	1853.000
1253.000	1854.100
1254.000	1852.700
1255.000	1848.500
1256.000	1843.400
1257.000	1839.300
1258.000	1837.700
1259.000	1829.000
1260.000	1821.800
1261.000	1831.500
1262.000	1827.300
1263.000	1815.100
1264.000	1822.700
1265.000	1825.000
1266.000	1821.400
1267.000	1821.300
1268.000	1820.700
1269.000	1819.100
1270.000	1809.900
1271.000	1801.000
1272.000	1802.700
1273.000	1800.400
1274.000	1796.200
1275.000	1797.600
1276.000	1793.600
1277.000	1784.900
1278.000	1794.700
1279.000	1796.700
1280.000	1785.300
1281.000	1784.900
1282.000	1783.800
1283.000	1775.100
1284.000	1773.500
1285.000	1774.800
1286.000	1775.500
1287.000	1785.900
1288.000	1801.500
1289.000	1783.600
1290.000	1772.100
1291.000	1767.400
1292.000	1754.700
1293.000	1745.800
1294.000	1744.000
1295.000	1732.200
1296.000	1722.400
1297.000	1723.700
1298.000	1732.800
1299.000	1739.400
1300.000	1721.300
1301.000	1718.400
1302.000	1723.400
1303.000	1714.500
1304.000	1709.300
1305.000	1707.600
1306.000	1709.100
1307.000	1709.000
1308.000	1705.700
1309.000	1714.200
1310.000	1714.000
1311.000	1696.300
1312.000	1689.300
1313.000	1686.800
1314.000	1690.300
1315.000	1685.800
1316.000	1679.500
1317.000	1678.100
1318.000	1673.400
1319.000	1669.300
1320.000	1688.000
1321.000	1686.700
1322.000	1670.800
1323.000	1661.400
1324.000	1655.500
1325.000	1652.700
1326.000	1669.600
1327.000	1674.500
1328.000	1662.100
1329.000	1652.200
1330.000	1648.800
1331.000	1655.300
1332.000	1649.800
1333.000	1648.200
1334.000	1661.700
1335.000	1666.700
1336.000	1668.000
1337.000	1666.100
1338.000	1669.900
1339.000	1678.300
1340.000	1696.800
1341.000	1711.100
1342.000	1723.500
1343.000	1736.100
1344.000	1751.500
1345.000	1767.000
1346.000	1770.700
1347.000	1768.000
1348.000	1760.900
1349.000	1752.200
1350.000	1740.600
1351.000	1726.800
1352.000	1711.600
1353.000	1699.800
1354.000	1691.900
1355.000	1681.000
1356.000	1672.400
1357.000	1667.400
1358.000	1659.700
1359.000	1653.800
1360.000	1650.400
1361.000	1637.100
1362.000	1632.700
1363.000	1643.000
1364.000	1626.900
1365.000	1615.100
1366.000	1617.600
1367.000	1622.100
1368.000	1623.500
1369.000	1619.700
1370.000	1618.300
1371.000	1618.200
1372.000	1620.400
1373.000	1613.600
1374.000	1612.500
1375.000	1629.300
1376.000	1625.300
1377.000	1621.800
1378.000	1632.800
1379.000	1635.800
1380.000	1632.500
1381.000	1620.700
1382.000	1616.300
1383.000	1616.300
1384.000	1622.700
1385.000	1632.100
1386.000	1638.400
1387.000	1634.800
1388.000	1638.000
1389.000	1642.400
1390.000	1645.000
1391.000	1659.000
1392.000	1668.100
1393.000	1659.100
1394.000	1670.600
1395.000	1683.500
1396.000	1686.600
1397.000	1692.000
1398.000	1698.500
1399.000	1707.100
1400.000	1723.700
1401.000	1735.300
1402.000	1734.500
1403.000	1751.700
1404.000	1770.800
1405.000	1787.000
1406.000	1809.100
1407.000	1826.100
1408.000	1832.000
1409.000	1843.700
1410.000	1860.000
1411.000	1882.100
1412.000	1892.800
1413.000	1899.400
1414.000	1902.300
1415.000	1891.500
1416.000	1881.200
1417.000	1872.000
1418.000	1864.100
1419.000	1855.400
1420.000	1845.600
1421.000	1842.200
1422.000	1827.800
1423.000	1804.300
1424.000	1782.100
1425.000	1754.200
1426.000	1725.600
1427.000	1720.300
1428.000	1702.400
1429.000	1683.300
1430.000	1694.100
1431.000	1683.300
1432.000	1665.500
1433.000	1658.300
1434.000	1641.000
1435.000	1619.400
1436.000	1596.200
1437.000	1593.500
1438.000	1591.100
1439.000	1579.400
1440.000	1578.900
1441.000	1575.400
1442.000	1564.300
1443.000	1562.300
1444.000	1559.800
1445.000	1556.100
1446.000	1542.500
1447.000	1533.500
1448.000	1529.200
1449.000	1530.100
1450.000	1528.500
1451.000	1524.700
1452.000	1519.000
1453.000	1512.500
1454.000	1507.900
1455.000	1508.800
1456.000	1505.300
1457.000	1497.900
1458.000	1485.300
1459.000	1495.300
1460.000	1499.600
1461.000	1488.300
1462.000	1495.100
1463.000	1491.900
1464.000	1477.200
1465.000	1481.500
1466.000	1475.200
1467.000	1462.700
1468.000	1467.000
1469.000	1469.100
1470.000	1471.500
1471.000	1478.800
1472.000	1468.000
1473.000	1458.100
1474.000	1460.000
1475.000	1451.000
1476.000	1451.700
1477.000	1468.000
1478.000	1456.200
1479.000	1447.300
1480.000	1442.800
1481.000	1454.700
1482.000	1453.400
1483.000	1447.100
1484.000	1449.700
1485.000	1446.000
1486.000	1444.400
1487.000	1451.700
1488.000	1450.800
1489.000	1447.200
1490.000	1441.700
1491.000	1448.200
1492.000	1448.900
1493.000	1445.700
1494.000	1449.700
1495.000	1451.100
1496.000	1450.400
1497.000	1447.000
1498.000	1452.900
1499.000	1454.500
1500.000	1445.300
1501.000	1451.100
1502.000	1455.900
1503.000	1457.800
1504.000	1453.800
1505.000	1456.500
1506.000	1457.700
1507.000	1445.000
1508.000	1452.000
1509.000	1458.500
1510.000	1456.500
1511.000	1453.500
1512.000	1456.400
1513.000	1464.800
1514.000	1470.500
1515.000	1472.300
1516.000	1472.900
1517.000	1475.700
1518.000	1488.500
1519.000	1493.700
1520.000	1484.900
1521.000	1495.600
1522.000	1494.500
1523.000	1487.700
1524.000	1497.400
1525.000	1491.800
1526.000	1484.000
1527.000	1482.600
1528.000	1495.000
1529.000	1505.000
1530.000	1511.000
1531.000	1516.100
1532.000	1522.600
1533.000	1525.600
1534.000	1517.900
1535.000	1533.500
1536.000	1543.300
1537.000	1539.000
1538.000	1530.600
1539.000	1536.100
1540.000	1550.600
1541.000	1563.300
1542.000	1570.100
1543.000	1572.800
1544.000	1571.000
1545.000	1571.100
1546.000	1584.400
1547.000	1603.300
1548.000	1601.900
1549.000	1600.600
1550.000	1606.800
1551.000	1627.000
1552.000	1652.200
1553.000	1662.800
1554.000	1664.500
1555.000	1675.300
1556.000	1677.400
1557.000	1679.200
1558.000	1684.600
1559.000	1683.600
1560.000	1688.900
1561.000	1700.500
1562.000	1719.000
1563.000	1721.600
1564.000	1727.100
1565.000	1743.000
1566.000	1738.500
1567.000	1754.600
1568.000	1778.000
1569.000	1779.800
1570.000	1785.100
1571.000	1792.000
1572.000	1800.200
1573.000	1819.900
1574.000	1829.600
1575.000	1835.800
1576.000	1847.700
1577.000	1854.800
1578.000	1867.500
1579.000	1884.100
1580.000	1886.400
1581.000	1908.500
1582.000	1926.700
1583.000	1924.100
1584.000	1939.100
1585.000	1949.500
1586.000	1958.900
1587.000	1978.600
1588.000	1986.500
1589.000	1998.900
1590.000	2017.900
1591.000	2026.000
1592.000	2044.000
1593.000	2065.000
1594.000	2082.300
1595.000	2100.900
1596.000	2115.300
1597.000	2127.200
1598.000	2143.100
1599.000	2161.400
1600.000	2181.400
1601.000	2202.700
1602.000	2219.700
1603.000	2233.400
1604.000	2250.800
1605.000	2278.600
1606.000	2291.600
1607.000	2297.600
1608.000	2303.300
1609.000	2322.500
1610.000	2353.600
1611.000	2381.900
1612.000	2404.400
1613.000	2416.700
1614.000	2428.700
1615.000	2448.200
1616.000	2477.200
1617.000	2499.700
1618.000	2501.100
1619.000	2502.400
1620.000	2519.500
1621.000	2548.300
1622.000	2557.600
1623.000	2556.800
1624.000	2560.400
1625.000	2573.200
1626.000	2585.800
1627.000	2597.000
1628.000	2605.600
1629.000	2613.400
1630.000	2616.900
1631.000	2615.900
1632.000	2610.400
1633.000	2616.700
1634.000	2623.800
1635.000	2629.000
1636.000	2638.600
1637.000	2642.900
1638.000	2639.400
1639.000	2628.200
1640.000	2623.400
1641.000	2625.300
1642.000	2615.600
1643.000	2582.400
1644.000	2595.300
1645.000	2595.400
1646.000	2590.100
1647.000	2584.000
1648.000	2572.400
1649.000	2565.300
1650.000	2558.600
1651.000	2547.800
1652.000	2521.000
1653.000	2510.600
1654.000	2501.600
1655.000	2473.800
1656.000	2475.500
1657.000	2456.300
1658.000	2425.800
1659.000	2399.200
1660.000	2372.400
1661.000	2355.700
1662.000	2340.700
1663.000	2315.000
1664.000	2289.800
1665.000	2268.100
1666.000	2246.800
1667.000	2222.200
1668.000	2184.600
1669.000	2157.300
1670.000	2138.000
1671.000	2121.800
1672.000	2080.400
1673.000	2051.400
1674.000	2024.900
1675.000	1993.000
1676.000	1975.000
1677.000	1946.600
1678.000	1921.100
1679.000	1906.300
1680.000	1873.800
1681.000	1845.200
1682.000	1816.100
1683.000	1787.100
1684.000	1778.100
1685.000	1761.800
1686.000	1732.500
1687.000	1696.100
1688.000	1687.500
1689.000	1652.600
1690.000	1622.900
1691.000	1600.500
1692.000	1570.000
1693.000	1557.000
1694.000	1533.300
1695.000	1499.900
1696.000	1464.000
1697.000	1458.800
1698.000	1438.700
1699.000	1405.300
1700.000	1363.100
1701.000	1351.600
1702.000	1336.400
1703.000	1318.400
1704.000	1297.100
1705.000	1269.300
1706.000	1265.800
1707.000	1246.700
1708.000	1214.700
1709.000	1206.900
1710.000	1182.100
1711.000	1158.500
1712.000	1139.100
1713.000	1124.600
1714.000	1103.100
1715.000	1085.300
1716.000	1072.000
1717.000	1061.700
1718.000	1041.400
1719.000	1033.000
1720.000	1019.500
1721.000	1001.000
1722.000	988.000
1723.000	960.500
1724.000	948.300
1725.000	941.200
1726.000	928.400
1727.000	924.300
1728.000	905.200
1729.000	894.500
1730.000	891.100
1731.000	865.700
1732.000	846.000
1733.000	837.100
1734.000	827.800
1735.000	809.200
1736.000	811.000
1737.000	793.900
1738.000	781.700
1739.000	777.000
1740.000	763.400
1741.000	751.400
1742.000	743.700
1743.000	737.200
1744.000	728.600
1745.000	716.900
1746.000	704.800
1747.000	690.400
1748.000	677.100
1749.000	672.300
1750.000	665.100
1751.000	658.700
1752.000	650.500
1753.000	640.800
1754.000	635.800
1755.000	619.500
1756.000	607.600
1757.000	599.400
1758.000	592.100
1759.000	591.800
1760.000	586.000
1761.000	577.000
1762.000	566.000
1763.000	555.100
1764.000	543.800
1765.000	541.000
1766.000	532.700
1767.000	520.400
1768.000	522.500
1769.000	513.400
1770.000	500.900
1771.000	489.700
1772.000	482.900
1773.000	478.000
1774.000	475.900
1775.000	470.800
1776.000	466.400
1777.000	463.000
1778.000	446.000
1779.000	437.300
1780.000	431.400
1781.000	428.600
1782.000	427.800
1783.000	420.600
1784.000	423.800
1785.000	411.400
1786.000	395.600
1787.000	390.100
1788.000	387.900
1789.000	380.500
1790.000	371.500
1791.000	367.200
1792.000	368.500
1793.000	354.200
1794.000	350.400
1795.000	341.700
1796.000	333.500
1797.000	328.600
1798.000	314.900
1799.000	314.500
1800.000	306.200
1801.000	303.800
1802.000	309.200
1803.000	297.600
1804.000	290.300
1805.000	285.200
1806.000	284.000
1807.000	284.400
1808.000	279.600
1809.000	271.000
1810.000	269.300
1811.000	265.100
1812.000	259.000
1813.000	255.500
1814.000	248.600
1815.000	250.600
1816.000	245.000
1817.000	242.200
1818.000	246.300
1819.000	231.000
1820.000	226.300
1821.000	223.000
1822.000	223.400
1823.000	224.600
1824.000	218.600
1825.000	208.000
1826.000	205.000
1827.000	205.100
1828.000	203.400
1829.000	197.200
1830.000	194.300
1831.000	187.500
1832.000	191.100
1833.000	189.200
1834.000	181.800
1835.000	186.000
1836.000	173.200
1837.000	171.800
1838.000	173.800
1839.000	175.300
1840.000	173.400
1841.000	167.200
1842.000	166.200
1843.000	160.800
1844.000	161.800
1845.000	160.700
1846.000	147.900
1847.000	143.600
1848.000	143.100
1849.000	144.800
1850.000	141.900
1851.000	138.800
1852.000	143.500
1853.000	140.200
1854.000	142.100
1855.000	132.500
1856.000	130.300
1857.000	134.300
1858.000	127.500
1859.000	124.500
1860.000	123.400
1861.000	123.100
1862.000	120.700
1863.000	116.800
1864.000	115.100
1865.000	114.700
1866.000	120.400
1867.000	120.700
1868.000	113.200
1869.000	107.400
1870.000	112.400
1871.000	108.100
1872.000	109.300
1873.000	107.200
1874.000	108.900
1875.000	109.100
1876.000	103.500
1877.000	103.800
1878.000	104.300
1879.000	105.900
1880.000	102.900
1881.000	98.100
1882.000	96.300
1883.000	98.600
1884.000	101.700
1885.000	96.000
1886.000	90.300
1887.000	87.100
1888.000	88.000
1889.000	93.100
1890.000	89.900
1891.000	81.500
1892.000	78.300
1893.000	77.800
1894.000	82.100
1895.000	87.600
1896.000	84.300
1897.000	75.900
1898.000	75.400
1899.000	82.700
1900.000	77.800
1901.000	73.300
1902.000	77.400
1903.000	71.700
1904.000	59.000
1905.000	72.000
1906.000	74.100
1907.000	75.000
1908.000	74.500
1909.000	69.000
1910.000	62.900
1911.000	66.400
1912.000	64.400
1913.000	64.100
1914.000	60.700
1915.000	60.600
1916.000	65.600
1917.000	68.700
1918.000	69.400
1919.000	53.900
1920.000	59.200
1921.000	61.300
1922.000	62.200
1923.000	62.700
1924.000	56.800
1925.000	52.700
1926.000	49.400
1927.000	52.800
1928.000	54.400
1929.000	56.200
1930.000	54.000
1931.000	49.800
1932.000	54.100
1933.000	50.500
1934.000	54.700
1935.000	43.800
1936.000	48.500
1937.000	53.100
1938.000	50.800
1939.000	44.900
1940.000	40.700
1941.000	45.700
1942.000	45.100
1943.000	45.200
1944.000	44.000
1945.000	43.000
1946.000	43.200
1947.000	39.300
1948.000	29.600
1949.000	38.800
1950.000	34.200
1951.000	34.700
1952.000	36.900
1953.000	40.600
1954.000	40.500
1955.000	39.000
1956.000	41.200
1957.000	39.900
1958.000	39.700
1959.000	34.500
1960.000	39.100
1961.000	33.600
1962.000	30.700
1963.000	34.800
1964.000	35.600
1965.000	28.400
1966.000	26.500
1967.000	31.500
1968.000	30.900
1969.000	36.000
1970.000	31.800
1971.000	34.000
1972.000	38.800
1973.000	37.000
1974.000	32.700
1975.000	34.500
1976.000	33.000
1977.000	32.900
1978.000	32.700
1979.000	34.200
1980.000	36.600
1981.000	39.900
1982.000	39.600
1983.000	37.800
1984.000	38.900
1985.000	35.900
1986.000	37.000
1987.000	31.500
1988.000	42.500
1989.000	39.600
1990.000	33.800
1991.000	34.500
1992.000	39.800
1993.000	38.600
1994.000	32.500
1995.000	35.400
1996.000	38.800
1997.000	25.300
1998.000	28.400
1999.000	31.800
2000.000	30.000
